Generación,Mejor Fitness
1,0.0049
101,0.0094
201,0.0102
301,0.0109
401,0.0117
501,0.0126
601,0.0135
701,0.0141
801,0.0149
901,0.0160
1001,0.0168
1101,0.0179
1201,0.0190
1301,0.0195
1401,0.0204
1501,0.0212
1601,0.0225
1701,0.0239
1801,0.0251
1901,0.0266
2001,0.0277
2101,0.0289
2201,0.0304
2301,0.0322
2401,0.0332
2501,0.0344
2601,0.0357
2701,0.0370
2801,0.0387
2901,0.0400
3001,0.0418
3101,0.0435
3201,0.0447
3301,0.0464
3401,0.0487
3501,0.0505
3601,0.0523
3701,0.0545
3801,0.0564
3901,0.0578
4001,0.0600
4101,0.0614
4201,0.0632
4301,0.0654
4401,0.0678
4501,0.0700
4601,0.0721
4701,0.0740
4801,0.0766
4901,0.0791
5001,0.0812
5101,0.0838
5201,0.0863
5301,0.0886
5401,0.0913
5501,0.0939
5601,0.0969
5701,0.0994
5801,0.1024
5901,0.1056
6001,0.1089
6101,0.1123
6201,0.1146
6301,0.1172
6401,0.1194
6501,0.1216
6601,0.1245
6701,0.1271
6801,0.1301
6901,0.1338
7001,0.1370
7101,0.1402
7201,0.1429
7301,0.1462
7401,0.1490
7501,0.1522
7601,0.1549
7701,0.1579
7801,0.1613
7901,0.1647
8001,0.1678
8101,0.1712
8201,0.1745
8301,0.1775
8401,0.1815
8501,0.1851
8601,0.1886
8701,0.1920
8801,0.1949
8901,0.1986
9001,0.2022
9101,0.2055
9201,0.2086
9301,0.2126
9401,0.2155
9501,0.2197
9601,0.2230
9701,0.2270
9801,0.2305
9901,0.2345
10001,0.2376
10101,0.2415
10201,0.2450
10301,0.2481
10401,0.2516
10501,0.2555
10601,0.2595
10701,0.2625
10801,0.2654
10901,0.2687
11001,0.2728
11101,0.2756
11201,0.2805
11301,0.2845
11401,0.2880
11501,0.2920
11601,0.2954
11701,0.2996
11801,0.3028
11901,0.3061
12001,0.3100
12101,0.3131
12201,0.3164
12301,0.3203
12401,0.3240
12501,0.3286
12601,0.3332
12701,0.3365
12801,0.3400
12901,0.3432
13001,0.3466
13101,0.3500
13201,0.3529
13301,0.3572
13401,0.3610
13501,0.3645
13601,0.3683
13701,0.3718
13801,0.3756
13901,0.3791
14001,0.3827
14101,0.3864
14201,0.3902
14301,0.3940
14401,0.3975
14501,0.4003
14601,0.4039
14701,0.4065
14801,0.4103
14901,0.4134
15001,0.4169
15101,0.4194
15201,0.4229
15301,0.4258
15401,0.4293
15501,0.4330
15601,0.4360
15701,0.4397
15801,0.4432
15901,0.4468
16001,0.4493
16101,0.4525
16201,0.4556
16301,0.4586
16401,0.4620
16501,0.4648
16601,0.4681
16701,0.4706
16801,0.4732
16901,0.4765
17001,0.4794
17101,0.4825
17201,0.4854
17301,0.4878
17401,0.4901
17501,0.4934
17601,0.4962
17701,0.4991
17801,0.5017
17901,0.5047
18001,0.5073
18101,0.5094
18201,0.5120
18301,0.5138
18401,0.5166
18501,0.5196
18601,0.5220
18701,0.5240
18801,0.5258
18901,0.5279
19001,0.5309
19101,0.5327
19201,0.5350
19301,0.5371
19401,0.5395
19501,0.5413
19601,0.5432
19701,0.5450
19801,0.5467
19901,0.5488
20001,0.5506
20101,0.5522
20201,0.5538
20301,0.5559
20401,0.5578
20501,0.5594
20601,0.5618
20701,0.5637
20801,0.5649
20901,0.5667
21001,0.5685
21101,0.5701
21201,0.5716
21301,0.5737
21401,0.5752
21501,0.5766
21601,0.5784
21701,0.5795
21801,0.5809
21901,0.5827
22001,0.5843
22101,0.5852
22201,0.5864
22301,0.5873
22401,0.5882
22501,0.5892
22601,0.5902
22701,0.5916
22801,0.5927
22901,0.5935
23001,0.5945
23101,0.5957
23201,0.5968
23301,0.5975
23401,0.5984
23501,0.5990
23601,0.6002
23701,0.6011
23801,0.6020
23901,0.6027
24001,0.6031
24101,0.6037
24201,0.6042
24301,0.6052
24401,0.6059
24501,0.6063
24601,0.6070
24701,0.6074
24801,0.6078
24901,0.6084
25001,0.6089
25101,0.6094
25201,0.6098
25301,0.6099
25401,0.6107
25501,0.6109
25601,0.6112
25701,0.6114
25801,0.6119
25901,0.6122
26001,0.6127
26101,0.6131
26201,0.6132
26301,0.6138
26401,0.6141
26501,0.6142
26601,0.6144
26701,0.6148
26801,0.6149
26901,0.6153
27001,0.6154
27101,0.6156
27201,0.6160
27301,0.6162
27401,0.6165
27501,0.6166
27601,0.6167
27701,0.6169
27801,0.6169
27901,0.6170
28001,0.6170
28101,0.6172
28201,0.6174
28301,0.6176
28401,0.6178
28501,0.6179
28601,0.6182
28701,0.6182
28801,0.6186
28901,0.6188
29001,0.6190
29101,0.6192
29201,0.6193
29301,0.6194
29401,0.6194
29501,0.6195
29601,0.6196
29701,0.6198
29801,0.6200
29901,0.6200
30001,0.6201
30101,0.6201
30201,0.6202
30301,0.6203
30401,0.6206
30501,0.6206
30601,0.6207
30701,0.6207
30801,0.6210
30901,0.6212
31001,0.6213
31101,0.6213
31201,0.6213
31301,0.6215
31401,0.6215
31501,0.6216
31601,0.6216
31701,0.6218
31801,0.6219
31901,0.6221
32001,0.6221
32101,0.6223
32201,0.6224
32301,0.6225
32401,0.6228
32501,0.6229
32601,0.6231
32701,0.6233
32801,0.6236
32901,0.6237
33001,0.6240
33101,0.6242
33201,0.6244
33301,0.6247
33401,0.6251
33501,0.6253
33601,0.6257
33701,0.6260
33801,0.6263
33901,0.6263
34001,0.6264
34101,0.6266
34201,0.6267
34301,0.6267
34401,0.6270
34501,0.6271
34601,0.6272
34701,0.6274
34801,0.6274
34901,0.6275
35001,0.6276
35101,0.6276
35201,0.6279
35301,0.6279
35401,0.6280
35501,0.6280
35601,0.6280
35701,0.6282
35801,0.6284
35901,0.6287
36001,0.6289
36101,0.6290
36201,0.6290
36301,0.6290
36401,0.6292
36501,0.6293
36601,0.6294
36701,0.6295
36801,0.6295
36901,0.6296
37001,0.6297
37101,0.6297
37201,0.6299
37301,0.6301
37401,0.6302
37501,0.6302
37601,0.6303
37701,0.6304
37801,0.6307
37901,0.6307
38001,0.6309
38101,0.6310
38201,0.6311
38301,0.6312
38401,0.6313
38501,0.6316
38601,0.6318
38701,0.6319
38801,0.6320
38901,0.6321
39001,0.6322
39101,0.6324
39201,0.6326
39301,0.6327
39401,0.6328
39501,0.6328
39601,0.6328
39701,0.6329
39801,0.6332
39901,0.6334
40001,0.6339
40101,0.6341
40201,0.6344
40301,0.6344
40401,0.6346
40501,0.6348
40601,0.6351
40701,0.6354
40801,0.6354
40901,0.6355
41001,0.6355
41101,0.6357
41201,0.6359
41301,0.6361
41401,0.6364
41501,0.6367
41601,0.6368
41701,0.6371
41801,0.6372
41901,0.6373
42001,0.6374
42101,0.6375
42201,0.6376
42301,0.6379
42401,0.6379
42501,0.6380
42601,0.6381
42701,0.6381
42801,0.6383
42901,0.6386
43001,0.6388
43101,0.6390
43201,0.6396
43301,0.6398
43401,0.6400
43501,0.6400
43601,0.6404
43701,0.6406
43801,0.6406
43901,0.6407
44001,0.6410
44101,0.6410
44201,0.6412
44301,0.6413
44401,0.6416
44501,0.6419
44601,0.6421
44701,0.6424
44801,0.6427
44901,0.6429
45001,0.6431
45101,0.6432
45201,0.6435
45301,0.6435
45401,0.6436
45501,0.6437
45601,0.6438
45701,0.6438
45801,0.6441
45901,0.6444
46001,0.6446
46101,0.6448
46201,0.6450
46301,0.6453
46401,0.6454
46501,0.6455
46601,0.6456
46701,0.6458
46801,0.6459
46901,0.6463
47001,0.6465
47101,0.6466
47201,0.6468
47301,0.6468
47401,0.6472
47501,0.6473
47601,0.6476
47701,0.6477
47801,0.6479
47901,0.6481
48001,0.6483
48101,0.6484
48201,0.6485
48301,0.6487
48401,0.6488
48501,0.6489
48601,0.6490
48701,0.6493
48801,0.6494
48901,0.6497
49001,0.6499
49101,0.6500
49201,0.6501
49301,0.6505
49401,0.6506
49501,0.6506
49601,0.6506
49701,0.6508
49801,0.6509
49901,0.6511
