Generación,Mejor Fitness
1,0.5083
2,0.5083
3,0.5104
4,0.5104
5,0.5104
6,0.5109
7,0.5109
8,0.5131
9,0.5131
10,0.5131
11,0.5131
12,0.5131
13,0.5131
14,0.5131
15,0.5142
16,0.5166
17,0.5166
18,0.5166
19,0.5166
20,0.5179
21,0.5180
22,0.5196
23,0.5196
24,0.5196
25,0.5199
26,0.5199
27,0.5201
28,0.5208
29,0.5208
30,0.5215
31,0.5215
32,0.5215
33,0.5217
34,0.5217
35,0.5217
36,0.5217
37,0.5217
38,0.5230
39,0.5230
40,0.5237
41,0.5240
42,0.5240
43,0.5240
44,0.5240
45,0.5248
46,0.5248
47,0.5248
48,0.5258
49,0.5258
50,0.5261
51,0.5264
52,0.5273
53,0.5273
54,0.5277
55,0.5284
56,0.5284
57,0.5284
58,0.5286
59,0.5286
60,0.5288
61,0.5292
62,0.5292
63,0.5292
64,0.5292
65,0.5295
66,0.5296
67,0.5296
68,0.5298
69,0.5298
70,0.5302
71,0.5305
72,0.5305
73,0.5306
74,0.5307
75,0.5307
76,0.5309
77,0.5312
78,0.5313
79,0.5313
80,0.5314
81,0.5314
82,0.5314
83,0.5318
84,0.5318
85,0.5318
86,0.5319
87,0.5323
88,0.5324
89,0.5324
90,0.5324
91,0.5326
92,0.5326
93,0.5326
94,0.5328
95,0.5328
96,0.5330
97,0.5330
98,0.5330
99,0.5330
100,0.5333
101,0.5333
102,0.5333
103,0.5333
104,0.5333
105,0.5333
106,0.5336
107,0.5336
108,0.5336
109,0.5337
110,0.5337
111,0.5340
112,0.5340
113,0.5340
114,0.5340
115,0.5340
116,0.5340
117,0.5340
118,0.5343
119,0.5344
120,0.5344
121,0.5344
122,0.5344
123,0.5344
124,0.5344
125,0.5345
126,0.5345
127,0.5346
128,0.5346
129,0.5346
130,0.5346
131,0.5347
132,0.5348
133,0.5349
134,0.5349
135,0.5349
136,0.5351
137,0.5351
138,0.5351
139,0.5351
140,0.5352
141,0.5353
142,0.5353
143,0.5353
144,0.5354
145,0.5354
146,0.5354
147,0.5355
148,0.5356
149,0.5356
150,0.5356
151,0.5356
152,0.5357
153,0.5357
154,0.5357
155,0.5359
156,0.5359
157,0.5360
158,0.5360
159,0.5360
160,0.5361
161,0.5361
162,0.5361
163,0.5361
164,0.5362
165,0.5362
166,0.5362
167,0.5364
168,0.5364
169,0.5364
170,0.5364
171,0.5364
172,0.5364
173,0.5364
174,0.5364
175,0.5364
176,0.5364
177,0.5365
178,0.5365
179,0.5365
180,0.5365
181,0.5365
182,0.5366
183,0.5366
184,0.5366
185,0.5368
186,0.5368
187,0.5368
188,0.5368
189,0.5369
190,0.5369
191,0.5369
192,0.5369
193,0.5369
194,0.5370
195,0.5370
196,0.5371
197,0.5371
198,0.5372
199,0.5372
200,0.5372
201,0.5372
202,0.5373
203,0.5373
204,0.5373
205,0.5373
206,0.5373
207,0.5374
208,0.5376
209,0.5376
210,0.5376
211,0.5376
212,0.5376
213,0.5376
214,0.5376
215,0.5377
216,0.5377
217,0.5378
218,0.5378
219,0.5378
220,0.5379
221,0.5379
222,0.5380
223,0.5380
224,0.5380
225,0.5380
226,0.5381
227,0.5381
228,0.5381
229,0.5381
230,0.5381
231,0.5381
232,0.5381
233,0.5382
234,0.5382
235,0.5382
236,0.5382
237,0.5382
238,0.5383
239,0.5383
240,0.5383
241,0.5383
242,0.5383
243,0.5384
244,0.5384
245,0.5384
246,0.5384
247,0.5384
248,0.5384
249,0.5385
250,0.5387
251,0.5387
252,0.5387
253,0.5387
254,0.5387
255,0.5387
256,0.5387
257,0.5387
258,0.5388
259,0.5389
260,0.5390
261,0.5390
262,0.5390
263,0.5392
264,0.5392
265,0.5392
266,0.5392
267,0.5392
268,0.5392
269,0.5392
270,0.5392
271,0.5394
272,0.5394
273,0.5394
274,0.5394
275,0.5395
276,0.5395
277,0.5395
278,0.5396
279,0.5396
280,0.5396
281,0.5396
282,0.5396
283,0.5396
284,0.5397
285,0.5397
286,0.5397
287,0.5398
288,0.5398
289,0.5399
290,0.5400
291,0.5400
292,0.5400
293,0.5400
294,0.5400
295,0.5400
296,0.5401
297,0.5402
298,0.5402
299,0.5402
300,0.5402
301,0.5404
302,0.5404
303,0.5404
304,0.5404
305,0.5404
306,0.5404
307,0.5404
308,0.5405
309,0.5405
310,0.5406
311,0.5406
312,0.5407
313,0.5407
314,0.5407
315,0.5407
316,0.5408
317,0.5408
318,0.5408
319,0.5409
320,0.5409
321,0.5409
322,0.5409
323,0.5410
324,0.5410
325,0.5410
326,0.5411
327,0.5412
328,0.5412
329,0.5412
330,0.5412
331,0.5412
332,0.5413
333,0.5413
334,0.5413
335,0.5413
336,0.5414
337,0.5415
338,0.5415
339,0.5416
340,0.5416
341,0.5416
342,0.5417
343,0.5417
344,0.5417
345,0.5417
346,0.5417
347,0.5417
348,0.5418
349,0.5419
350,0.5419
351,0.5419
352,0.5419
353,0.5419
354,0.5420
355,0.5420
356,0.5420
357,0.5421
358,0.5422
359,0.5422
360,0.5422
361,0.5422
362,0.5423
363,0.5424
364,0.5424
365,0.5424
366,0.5425
367,0.5428
368,0.5428
369,0.5428
370,0.5428
371,0.5428
372,0.5428
373,0.5428
374,0.5428
375,0.5428
376,0.5428
377,0.5428
378,0.5429
379,0.5429
380,0.5429
381,0.5431
382,0.5431
383,0.5431
384,0.5431
385,0.5431
386,0.5432
387,0.5432
388,0.5432
389,0.5432
390,0.5432
391,0.5433
392,0.5433
393,0.5433
394,0.5433
395,0.5433
396,0.5433
397,0.5433
398,0.5433
399,0.5434
400,0.5434
401,0.5434
402,0.5435
403,0.5435
404,0.5436
405,0.5436
406,0.5436
407,0.5436
408,0.5436
409,0.5437
410,0.5437
411,0.5437
412,0.5439
413,0.5439
414,0.5440
415,0.5440
416,0.5440
417,0.5440
418,0.5440
419,0.5440
420,0.5441
421,0.5441
422,0.5441
423,0.5441
424,0.5441
425,0.5441
426,0.5442
427,0.5442
428,0.5442
429,0.5442
430,0.5442
431,0.5443
432,0.5443
433,0.5443
434,0.5444
435,0.5444
436,0.5445
437,0.5445
438,0.5445
439,0.5447
440,0.5447
441,0.5447
442,0.5448
443,0.5448
444,0.5448
445,0.5448
446,0.5448
447,0.5448
448,0.5448
449,0.5449
450,0.5449
451,0.5451
452,0.5451
453,0.5452
454,0.5452
455,0.5452
456,0.5452
457,0.5452
458,0.5453
459,0.5453
460,0.5454
461,0.5454
462,0.5455
463,0.5455
464,0.5455
465,0.5455
466,0.5456
467,0.5456
468,0.5456
469,0.5457
470,0.5457
471,0.5457
472,0.5457
473,0.5457
474,0.5458
475,0.5460
476,0.5460
477,0.5460
478,0.5460
479,0.5460
480,0.5460
481,0.5461
482,0.5461
483,0.5462
484,0.5462
485,0.5463
486,0.5463
487,0.5463
488,0.5463
489,0.5463
490,0.5463
491,0.5463
492,0.5464
493,0.5464
494,0.5464
495,0.5464
496,0.5464
497,0.5466
498,0.5466
499,0.5467
500,0.5468
501,0.5468
502,0.5468
503,0.5468
504,0.5468
505,0.5468
506,0.5469
507,0.5469
508,0.5469
509,0.5470
510,0.5470
511,0.5471
512,0.5471
513,0.5471
514,0.5472
515,0.5472
516,0.5472
517,0.5474
518,0.5474
519,0.5474
520,0.5474
521,0.5474
522,0.5477
523,0.5477
524,0.5477
525,0.5477
526,0.5477
527,0.5477
528,0.5478
529,0.5479
530,0.5479
531,0.5479
532,0.5479
533,0.5480
534,0.5480
535,0.5482
536,0.5482
537,0.5482
538,0.5482
539,0.5482
540,0.5484
541,0.5484
542,0.5484
543,0.5484
544,0.5485
545,0.5485
546,0.5485
547,0.5485
548,0.5485
549,0.5485
550,0.5486
551,0.5487
552,0.5487
553,0.5488
554,0.5488
555,0.5488
556,0.5488
557,0.5488
558,0.5488
559,0.5489
560,0.5489
561,0.5489
562,0.5490
563,0.5490
564,0.5490
565,0.5490
566,0.5492
567,0.5492
568,0.5492
569,0.5492
570,0.5492
571,0.5492
572,0.5492
573,0.5492
574,0.5492
575,0.5492
576,0.5492
577,0.5493
578,0.5493
579,0.5493
580,0.5493
581,0.5493
582,0.5493
583,0.5494
584,0.5495
585,0.5495
586,0.5495
587,0.5495
588,0.5495
589,0.5496
590,0.5496
591,0.5496
592,0.5498
593,0.5498
594,0.5498
595,0.5498
596,0.5498
597,0.5498
598,0.5499
599,0.5499
600,0.5499
601,0.5500
602,0.5500
603,0.5500
604,0.5501
605,0.5501
606,0.5501
607,0.5501
608,0.5502
609,0.5502
610,0.5502
611,0.5502
612,0.5502
613,0.5504
614,0.5504
615,0.5504
616,0.5504
617,0.5506
618,0.5506
619,0.5507
620,0.5507
621,0.5507
622,0.5507
623,0.5507
624,0.5507
625,0.5507
626,0.5508
627,0.5508
628,0.5508
629,0.5508
630,0.5508
631,0.5508
632,0.5508
633,0.5508
634,0.5508
635,0.5508
636,0.5509
637,0.5510
638,0.5511
639,0.5511
640,0.5511
641,0.5511
642,0.5511
643,0.5511
644,0.5511
645,0.5513
646,0.5513
647,0.5514
648,0.5515
649,0.5515
650,0.5515
651,0.5515
652,0.5517
653,0.5517
654,0.5517
655,0.5519
656,0.5519
657,0.5519
658,0.5519
659,0.5520
660,0.5520
661,0.5520
662,0.5520
663,0.5521
664,0.5521
665,0.5521
666,0.5521
667,0.5522
668,0.5522
669,0.5523
670,0.5523
671,0.5524
672,0.5524
673,0.5524
674,0.5526
675,0.5526
676,0.5527
677,0.5527
678,0.5527
679,0.5527
680,0.5529
681,0.5529
682,0.5529
683,0.5529
684,0.5529
685,0.5529
686,0.5529
687,0.5530
688,0.5530
689,0.5530
690,0.5530
691,0.5531
692,0.5531
693,0.5531
694,0.5532
695,0.5533
696,0.5533
697,0.5533
698,0.5533
699,0.5533
700,0.5535
701,0.5535
702,0.5535
703,0.5535
704,0.5535
705,0.5535
706,0.5536
707,0.5536
708,0.5536
709,0.5536
710,0.5536
711,0.5536
712,0.5536
713,0.5537
714,0.5538
715,0.5538
716,0.5539
717,0.5540
718,0.5540
719,0.5540
720,0.5540
721,0.5541
722,0.5541
723,0.5542
724,0.5542
725,0.5542
726,0.5542
727,0.5543
728,0.5543
729,0.5544
730,0.5544
731,0.5544
732,0.5544
733,0.5544
734,0.5545
735,0.5545
736,0.5545
737,0.5547
738,0.5548
739,0.5548
740,0.5548
741,0.5549
742,0.5549
743,0.5549
744,0.5549
745,0.5549
746,0.5550
747,0.5551
748,0.5551
749,0.5551
750,0.5551
751,0.5552
752,0.5552
753,0.5553
754,0.5553
755,0.5554
756,0.5554
757,0.5554
758,0.5554
759,0.5555
760,0.5555
761,0.5556
762,0.5556
763,0.5556
764,0.5556
765,0.5556
766,0.5556
767,0.5557
768,0.5558
769,0.5559
770,0.5559
771,0.5559
772,0.5560
773,0.5560
774,0.5560
775,0.5560
776,0.5561
777,0.5561
778,0.5561
779,0.5561
780,0.5563
781,0.5563
782,0.5563
783,0.5563
784,0.5564
785,0.5564
786,0.5564
787,0.5564
788,0.5564
789,0.5564
790,0.5564
791,0.5565
792,0.5565
793,0.5565
794,0.5566
795,0.5566
796,0.5566
797,0.5568
798,0.5568
799,0.5568
800,0.5568
801,0.5568
802,0.5568
803,0.5568
804,0.5569
805,0.5569
806,0.5569
807,0.5569
808,0.5570
809,0.5570
810,0.5570
811,0.5570
812,0.5570
813,0.5572
814,0.5572
815,0.5572
816,0.5572
817,0.5573
818,0.5573
819,0.5573
820,0.5574
821,0.5574
822,0.5574
823,0.5576
824,0.5576
825,0.5576
826,0.5578
827,0.5578
828,0.5578
829,0.5578
830,0.5578
831,0.5578
832,0.5578
833,0.5578
834,0.5578
835,0.5578
836,0.5580
837,0.5580
838,0.5580
839,0.5580
840,0.5580
841,0.5580
842,0.5581
843,0.5581
844,0.5581
845,0.5583
846,0.5583
847,0.5583
848,0.5583
849,0.5584
850,0.5584
851,0.5585
852,0.5585
853,0.5586
854,0.5586
855,0.5586
856,0.5586
857,0.5586
858,0.5586
859,0.5586
860,0.5588
861,0.5588
862,0.5588
863,0.5588
864,0.5588
865,0.5589
866,0.5589
867,0.5590
868,0.5590
869,0.5590
870,0.5591
871,0.5592
872,0.5592
873,0.5592
874,0.5592
875,0.5592
876,0.5595
877,0.5595
878,0.5595
879,0.5595
880,0.5595
881,0.5595
882,0.5596
883,0.5596
884,0.5596
885,0.5596
886,0.5596
887,0.5597
888,0.5597
889,0.5597
890,0.5597
891,0.5597
892,0.5599
893,0.5599
894,0.5599
895,0.5599
896,0.5600
897,0.5600
898,0.5600
899,0.5601
900,0.5603
901,0.5603
902,0.5603
903,0.5603
904,0.5603
905,0.5603
906,0.5603
907,0.5603
908,0.5604
909,0.5604
910,0.5604
911,0.5604
912,0.5604
913,0.5604
914,0.5604
915,0.5605
916,0.5605
917,0.5606
918,0.5606
919,0.5606
920,0.5607
921,0.5607
922,0.5607
923,0.5608
924,0.5608
925,0.5609
926,0.5609
927,0.5609
928,0.5610
929,0.5611
930,0.5611
931,0.5612
932,0.5612
933,0.5612
934,0.5612
935,0.5612
936,0.5612
937,0.5613
938,0.5613
939,0.5614
940,0.5614
941,0.5615
942,0.5615
943,0.5616
944,0.5616
945,0.5616
946,0.5616
947,0.5618
948,0.5619
949,0.5620
950,0.5620
951,0.5620
952,0.5620
953,0.5620
954,0.5620
955,0.5620
956,0.5620
957,0.5620
958,0.5621
959,0.5621
960,0.5621
961,0.5621
962,0.5622
963,0.5623
964,0.5623
965,0.5623
966,0.5624
967,0.5624
968,0.5624
969,0.5624
970,0.5625
971,0.5625
972,0.5626
973,0.5626
974,0.5626
975,0.5626
976,0.5627
977,0.5628
978,0.5628
979,0.5628
980,0.5628
981,0.5628
982,0.5628
983,0.5628
984,0.5628
985,0.5628
986,0.5628
987,0.5629
988,0.5629
989,0.5629
990,0.5630
991,0.5630
992,0.5630
993,0.5631
994,0.5631
995,0.5631
996,0.5632
997,0.5632
998,0.5632
999,0.5633
1000,0.5633
1001,0.5633
1002,0.5634
1003,0.5634
1004,0.5634
1005,0.5634
1006,0.5634
1007,0.5636
1008,0.5636
1009,0.5636
1010,0.5636
1011,0.5636
1012,0.5636
1013,0.5636
1014,0.5638
1015,0.5638
1016,0.5639
1017,0.5639
1018,0.5639
1019,0.5639
1020,0.5639
1021,0.5640
1022,0.5640
1023,0.5641
1024,0.5641
1025,0.5641
1026,0.5641
1027,0.5642
1028,0.5642
1029,0.5643
1030,0.5643
1031,0.5643
1032,0.5643
1033,0.5644
1034,0.5644
1035,0.5644
1036,0.5644
1037,0.5644
1038,0.5645
1039,0.5645
1040,0.5645
1041,0.5645
1042,0.5646
1043,0.5647
1044,0.5647
1045,0.5647
1046,0.5647
1047,0.5647
1048,0.5647
1049,0.5647
1050,0.5648
1051,0.5648
1052,0.5649
1053,0.5649
1054,0.5649
1055,0.5650
1056,0.5650
1057,0.5650
1058,0.5650
1059,0.5650
1060,0.5650
1061,0.5651
1062,0.5652
1063,0.5652
1064,0.5652
1065,0.5652
1066,0.5652
1067,0.5653
1068,0.5654
1069,0.5654
1070,0.5654
1071,0.5654
1072,0.5656
1073,0.5656
1074,0.5656
1075,0.5656
1076,0.5656
1077,0.5656
1078,0.5656
1079,0.5656
1080,0.5657
1081,0.5657
1082,0.5659
1083,0.5659
1084,0.5659
1085,0.5659
1086,0.5659
1087,0.5659
1088,0.5660
1089,0.5660
1090,0.5662
1091,0.5663
1092,0.5663
1093,0.5663
1094,0.5663
1095,0.5663
1096,0.5664
1097,0.5664
1098,0.5664
1099,0.5664
1100,0.5665
1101,0.5665
1102,0.5666
1103,0.5666
1104,0.5666
1105,0.5667
1106,0.5667
1107,0.5667
1108,0.5667
1109,0.5668
1110,0.5668
1111,0.5668
1112,0.5668
1113,0.5668
1114,0.5668
1115,0.5668
1116,0.5670
1117,0.5670
1118,0.5670
1119,0.5670
1120,0.5670
1121,0.5670
1122,0.5670
1123,0.5671
1124,0.5671
1125,0.5672
1126,0.5672
1127,0.5672
1128,0.5672
1129,0.5673
1130,0.5673
1131,0.5673
1132,0.5673
1133,0.5673
1134,0.5673
1135,0.5675
1136,0.5676
1137,0.5676
1138,0.5676
1139,0.5676
1140,0.5676
1141,0.5676
1142,0.5676
1143,0.5678
1144,0.5678
1145,0.5678
1146,0.5678
1147,0.5678
1148,0.5678
1149,0.5679
1150,0.5680
1151,0.5680
1152,0.5680
1153,0.5680
1154,0.5681
1155,0.5681
1156,0.5682
1157,0.5682
1158,0.5682
1159,0.5682
1160,0.5683
1161,0.5683
1162,0.5683
1163,0.5683
1164,0.5684
1165,0.5685
1166,0.5685
1167,0.5685
1168,0.5685
1169,0.5686
1170,0.5686
1171,0.5686
1172,0.5687
1173,0.5687
1174,0.5688
1175,0.5688
1176,0.5688
1177,0.5688
1178,0.5689
1179,0.5690
1180,0.5690
1181,0.5690
1182,0.5690
1183,0.5690
1184,0.5691
1185,0.5691
1186,0.5691
1187,0.5692
1188,0.5692
1189,0.5692
1190,0.5694
1191,0.5694
1192,0.5694
1193,0.5694
1194,0.5694
1195,0.5694
1196,0.5694
1197,0.5695
1198,0.5695
1199,0.5695
1200,0.5695
1201,0.5695
1202,0.5696
1203,0.5696
1204,0.5696
1205,0.5696
1206,0.5696
1207,0.5696
1208,0.5696
1209,0.5697
1210,0.5697
1211,0.5698
1212,0.5698
1213,0.5698
1214,0.5698
1215,0.5698
1216,0.5698
1217,0.5699
1218,0.5700
1219,0.5700
1220,0.5700
1221,0.5700
1222,0.5700
1223,0.5700
1224,0.5700
1225,0.5700
1226,0.5701
1227,0.5701
1228,0.5701
1229,0.5701
1230,0.5702
1231,0.5702
1232,0.5702
1233,0.5703
1234,0.5703
1235,0.5703
1236,0.5703
1237,0.5704
1238,0.5704
1239,0.5704
1240,0.5704
1241,0.5705
1242,0.5705
1243,0.5705
1244,0.5706
1245,0.5707
1246,0.5708
1247,0.5708
1248,0.5708
1249,0.5708
1250,0.5708
1251,0.5708
1252,0.5709
1253,0.5709
1254,0.5709
1255,0.5709
1256,0.5710
1257,0.5710
1258,0.5710
1259,0.5710
1260,0.5711
1261,0.5712
1262,0.5712
1263,0.5712
1264,0.5712
1265,0.5712
1266,0.5713
1267,0.5715
1268,0.5715
1269,0.5715
1270,0.5716
1271,0.5716
1272,0.5716
1273,0.5716
1274,0.5716
1275,0.5717
1276,0.5717
1277,0.5717
1278,0.5718
1279,0.5719
1280,0.5719
1281,0.5719
1282,0.5719
1283,0.5720
1284,0.5720
1285,0.5720
1286,0.5721
1287,0.5722
1288,0.5722
1289,0.5722
1290,0.5722
1291,0.5724
1292,0.5724
1293,0.5724
1294,0.5724
1295,0.5724
1296,0.5726
1297,0.5726
1298,0.5726
1299,0.5726
1300,0.5726
1301,0.5726
1302,0.5726
1303,0.5727
1304,0.5727
1305,0.5728
1306,0.5728
1307,0.5728
1308,0.5728
1309,0.5728
1310,0.5729
1311,0.5729
1312,0.5729
1313,0.5730
1314,0.5731
1315,0.5731
1316,0.5732
1317,0.5732
1318,0.5732
1319,0.5734
1320,0.5734
1321,0.5735
1322,0.5735
1323,0.5735
1324,0.5735
1325,0.5735
1326,0.5736
1327,0.5736
1328,0.5736
1329,0.5736
1330,0.5736
1331,0.5736
1332,0.5736
1333,0.5736
1334,0.5736
1335,0.5736
1336,0.5737
1337,0.5737
1338,0.5738
1339,0.5739
1340,0.5739
1341,0.5740
1342,0.5740
1343,0.5740
1344,0.5740
1345,0.5740
1346,0.5740
1347,0.5740
1348,0.5740
1349,0.5740
1350,0.5740
1351,0.5740
1352,0.5742
1353,0.5742
1354,0.5743
1355,0.5743
1356,0.5743
1357,0.5743
1358,0.5743
1359,0.5744
1360,0.5745
1361,0.5745
1362,0.5745
1363,0.5745
1364,0.5746
1365,0.5746
1366,0.5747
1367,0.5747
1368,0.5747
1369,0.5747
1370,0.5748
1371,0.5748
1372,0.5749
1373,0.5749
1374,0.5749
1375,0.5749
1376,0.5750
1377,0.5750
1378,0.5751
1379,0.5751
1380,0.5753
1381,0.5753
1382,0.5753
1383,0.5754
1384,0.5754
1385,0.5755
1386,0.5755
1387,0.5755
1388,0.5756
1389,0.5756
1390,0.5756
1391,0.5756
1392,0.5756
1393,0.5756
1394,0.5757
1395,0.5757
1396,0.5758
1397,0.5758
1398,0.5759
1399,0.5759
1400,0.5760
1401,0.5760
1402,0.5760
1403,0.5760
1404,0.5760
1405,0.5760
1406,0.5760
1407,0.5760
1408,0.5761
1409,0.5762
1410,0.5762
1411,0.5764
1412,0.5764
1413,0.5764
1414,0.5764
1415,0.5764
1416,0.5764
1417,0.5764
1418,0.5764
1419,0.5765
1420,0.5765
1421,0.5766
1422,0.5766
1423,0.5766
1424,0.5766
1425,0.5767
1426,0.5767
1427,0.5767
1428,0.5767
1429,0.5769
1430,0.5769
1431,0.5769
1432,0.5769
1433,0.5769
1434,0.5769
1435,0.5769
1436,0.5769
1437,0.5769
1438,0.5770
1439,0.5772
1440,0.5772
1441,0.5772
1442,0.5772
1443,0.5772
1444,0.5772
1445,0.5772
1446,0.5772
1447,0.5772
1448,0.5773
1449,0.5775
1450,0.5775
1451,0.5775
1452,0.5776
1453,0.5776
1454,0.5776
1455,0.5776
1456,0.5776
1457,0.5776
1458,0.5777
1459,0.5777
1460,0.5777
1461,0.5778
1462,0.5778
1463,0.5778
1464,0.5778
1465,0.5778
1466,0.5778
1467,0.5778
1468,0.5779
1469,0.5779
1470,0.5779
1471,0.5781
1472,0.5781
1473,0.5781
1474,0.5781
1475,0.5781
1476,0.5782
1477,0.5782
1478,0.5783
1479,0.5784
1480,0.5784
1481,0.5785
1482,0.5785
1483,0.5785
1484,0.5785
1485,0.5786
1486,0.5786
1487,0.5786
1488,0.5787
1489,0.5788
1490,0.5788
1491,0.5788
1492,0.5789
1493,0.5789
1494,0.5789
1495,0.5789
1496,0.5789
1497,0.5789
1498,0.5791
1499,0.5791
1500,0.5792
1501,0.5792
1502,0.5792
1503,0.5792
1504,0.5794
1505,0.5794
1506,0.5794
1507,0.5794
1508,0.5796
1509,0.5796
1510,0.5796
1511,0.5796
1512,0.5796
1513,0.5796
1514,0.5797
1515,0.5798
1516,0.5798
1517,0.5799
1518,0.5800
1519,0.5800
1520,0.5800
1521,0.5800
1522,0.5800
1523,0.5801
1524,0.5801
1525,0.5802
1526,0.5802
1527,0.5802
1528,0.5803
1529,0.5803
1530,0.5803
1531,0.5805
1532,0.5805
1533,0.5805
1534,0.5805
1535,0.5805
1536,0.5806
1537,0.5806
1538,0.5806
1539,0.5806
1540,0.5806
1541,0.5806
1542,0.5808
1543,0.5808
1544,0.5808
1545,0.5808
1546,0.5808
1547,0.5808
1548,0.5808
1549,0.5809
1550,0.5810
1551,0.5810
1552,0.5810
1553,0.5810
1554,0.5812
1555,0.5812
1556,0.5812
1557,0.5812
1558,0.5813
1559,0.5813
1560,0.5814
1561,0.5814
1562,0.5816
1563,0.5816
1564,0.5816
1565,0.5817
1566,0.5817
1567,0.5818
1568,0.5818
1569,0.5818
1570,0.5818
1571,0.5818
1572,0.5819
1573,0.5820
1574,0.5821
1575,0.5821
1576,0.5821
1577,0.5821
1578,0.5823
1579,0.5823
1580,0.5823
1581,0.5823
1582,0.5823
1583,0.5824
1584,0.5824
1585,0.5824
1586,0.5825
1587,0.5825
1588,0.5825
1589,0.5825
1590,0.5825
1591,0.5826
1592,0.5826
1593,0.5826
1594,0.5826
1595,0.5826
1596,0.5827
1597,0.5827
1598,0.5828
1599,0.5828
1600,0.5828
1601,0.5828
1602,0.5829
1603,0.5829
1604,0.5829
1605,0.5829
1606,0.5830
1607,0.5830
1608,0.5830
1609,0.5830
1610,0.5831
1611,0.5831
1612,0.5831
1613,0.5831
1614,0.5831
1615,0.5832
1616,0.5832
1617,0.5832
1618,0.5833
1619,0.5833
1620,0.5833
1621,0.5833
1622,0.5834
1623,0.5834
1624,0.5834
1625,0.5834
1626,0.5834
1627,0.5834
1628,0.5835
1629,0.5835
1630,0.5835
1631,0.5835
1632,0.5835
1633,0.5836
1634,0.5836
1635,0.5836
1636,0.5837
1637,0.5837
1638,0.5837
1639,0.5838
1640,0.5838
1641,0.5839
1642,0.5839
1643,0.5839
1644,0.5840
1645,0.5840
1646,0.5840
1647,0.5840
1648,0.5841
1649,0.5841
1650,0.5841
1651,0.5841
1652,0.5842
1653,0.5842
1654,0.5843
1655,0.5844
1656,0.5844
1657,0.5844
1658,0.5844
1659,0.5844
1660,0.5844
1661,0.5845
1662,0.5845
1663,0.5845
1664,0.5845
1665,0.5845
1666,0.5847
1667,0.5848
1668,0.5848
1669,0.5848
1670,0.5848
1671,0.5848
1672,0.5848
1673,0.5849
1674,0.5849
1675,0.5849
1676,0.5849
1677,0.5849
1678,0.5849
1679,0.5850
1680,0.5850
1681,0.5850
1682,0.5850
1683,0.5850
1684,0.5850
1685,0.5851
1686,0.5851
1687,0.5851
1688,0.5852
1689,0.5852
1690,0.5853
1691,0.5854
1692,0.5855
1693,0.5855
1694,0.5855
1695,0.5855
1696,0.5855
1697,0.5856
1698,0.5856
1699,0.5856
1700,0.5857
1701,0.5857
1702,0.5857
1703,0.5857
1704,0.5858
1705,0.5859
1706,0.5859
1707,0.5859
1708,0.5859
1709,0.5860
1710,0.5860
1711,0.5860
1712,0.5860
1713,0.5860
1714,0.5860
1715,0.5860
1716,0.5861
1717,0.5861
1718,0.5861
1719,0.5861
1720,0.5862
1721,0.5864
1722,0.5864
1723,0.5864
1724,0.5864
1725,0.5865
1726,0.5865
1727,0.5865
1728,0.5866
1729,0.5866
1730,0.5867
1731,0.5868
1732,0.5868
1733,0.5868
1734,0.5868
1735,0.5868
1736,0.5868
1737,0.5868
1738,0.5869
1739,0.5869
1740,0.5870
1741,0.5870
1742,0.5871
1743,0.5872
1744,0.5872
1745,0.5872
1746,0.5872
1747,0.5872
1748,0.5872
1749,0.5872
1750,0.5872
1751,0.5873
1752,0.5873
1753,0.5873
1754,0.5875
1755,0.5875
1756,0.5875
1757,0.5875
1758,0.5875
1759,0.5875
1760,0.5876
1761,0.5876
1762,0.5876
1763,0.5876
1764,0.5876
1765,0.5876
1766,0.5878
1767,0.5878
1768,0.5878
1769,0.5878
1770,0.5878
1771,0.5879
1772,0.5879
1773,0.5879
1774,0.5880
1775,0.5880
1776,0.5880
1777,0.5880
1778,0.5881
1779,0.5881
1780,0.5881
1781,0.5882
1782,0.5882
1783,0.5882
1784,0.5882
1785,0.5882
1786,0.5884
1787,0.5884
1788,0.5884
1789,0.5885
1790,0.5886
1791,0.5886
1792,0.5886
1793,0.5886
1794,0.5886
1795,0.5886
1796,0.5886
1797,0.5887
1798,0.5887
1799,0.5887
1800,0.5888
1801,0.5888
1802,0.5888
1803,0.5889
1804,0.5889
1805,0.5890
1806,0.5891
1807,0.5891
1808,0.5891
1809,0.5891
1810,0.5892
1811,0.5892
1812,0.5892
1813,0.5893
1814,0.5893
1815,0.5893
1816,0.5894
1817,0.5895
1818,0.5895
1819,0.5896
1820,0.5896
1821,0.5896
1822,0.5896
1823,0.5897
1824,0.5897
1825,0.5897
1826,0.5897
1827,0.5899
1828,0.5900
1829,0.5900
1830,0.5900
1831,0.5900
1832,0.5900
1833,0.5900
1834,0.5900
1835,0.5900
1836,0.5900
1837,0.5901
1838,0.5901
1839,0.5901
1840,0.5902
1841,0.5902
1842,0.5902
1843,0.5902
1844,0.5903
1845,0.5903
1846,0.5903
1847,0.5903
1848,0.5904
1849,0.5904
1850,0.5906
1851,0.5906
1852,0.5906
1853,0.5907
1854,0.5907
1855,0.5908
1856,0.5908
1857,0.5908
1858,0.5909
1859,0.5909
1860,0.5909
1861,0.5909
1862,0.5910
1863,0.5911
1864,0.5911
1865,0.5911
1866,0.5911
1867,0.5911
1868,0.5911
1869,0.5911
1870,0.5911
1871,0.5912
1872,0.5912
1873,0.5912
1874,0.5913
1875,0.5913
1876,0.5913
1877,0.5913
1878,0.5914
1879,0.5914
1880,0.5914
1881,0.5915
1882,0.5915
1883,0.5916
1884,0.5917
1885,0.5917
1886,0.5917
1887,0.5917
1888,0.5917
1889,0.5917
1890,0.5917
1891,0.5918
1892,0.5918
1893,0.5918
1894,0.5918
1895,0.5919
1896,0.5920
1897,0.5920
1898,0.5920
1899,0.5921
1900,0.5921
1901,0.5922
1902,0.5922
1903,0.5922
1904,0.5922
1905,0.5922
1906,0.5923
1907,0.5923
1908,0.5924
1909,0.5924
1910,0.5924
1911,0.5924
1912,0.5924
1913,0.5925
1914,0.5925
1915,0.5925
1916,0.5926
1917,0.5926
1918,0.5926
1919,0.5926
1920,0.5927
1921,0.5927
1922,0.5928
1923,0.5928
1924,0.5928
1925,0.5928
1926,0.5928
1927,0.5928
1928,0.5928
1929,0.5928
1930,0.5928
1931,0.5929
1932,0.5929
1933,0.5930
1934,0.5931
1935,0.5931
1936,0.5931
1937,0.5932
1938,0.5932
1939,0.5932
1940,0.5933
1941,0.5933
1942,0.5934
1943,0.5934
1944,0.5934
1945,0.5934
1946,0.5936
1947,0.5936
1948,0.5936
1949,0.5936
1950,0.5936
1951,0.5937
1952,0.5937
1953,0.5938
1954,0.5938
1955,0.5938
1956,0.5938
1957,0.5938
1958,0.5938
1959,0.5940
1960,0.5940
1961,0.5940
1962,0.5940
1963,0.5940
1964,0.5940
1965,0.5942
1966,0.5942
1967,0.5942
1968,0.5942
1969,0.5942
1970,0.5942
1971,0.5942
1972,0.5942
1973,0.5943
1974,0.5944
1975,0.5944
1976,0.5945
1977,0.5945
1978,0.5945
1979,0.5946
1980,0.5946
1981,0.5947
1982,0.5947
1983,0.5948
1984,0.5948
1985,0.5948
1986,0.5948
1987,0.5948
1988,0.5948
1989,0.5948
1990,0.5948
1991,0.5949
1992,0.5949
1993,0.5949
1994,0.5949
1995,0.5951
1996,0.5951
1997,0.5951
1998,0.5951
1999,0.5951
2000,0.5951
2001,0.5952
2002,0.5953
2003,0.5953
2004,0.5953
2005,0.5953
2006,0.5954
2007,0.5955
2008,0.5955
2009,0.5956
2010,0.5956
2011,0.5956
2012,0.5956
2013,0.5956
2014,0.5956
2015,0.5956
2016,0.5957
2017,0.5957
2018,0.5957
2019,0.5957
2020,0.5957
2021,0.5957
2022,0.5958
2023,0.5958
2024,0.5959
2025,0.5959
2026,0.5959
2027,0.5959
2028,0.5959
2029,0.5960
2030,0.5960
2031,0.5961
2032,0.5961
2033,0.5961
2034,0.5961
2035,0.5961
2036,0.5962
2037,0.5962
2038,0.5962
2039,0.5962
2040,0.5963
2041,0.5963
2042,0.5964
2043,0.5964
2044,0.5964
2045,0.5964
2046,0.5964
2047,0.5965
2048,0.5965
2049,0.5966
2050,0.5966
2051,0.5966
2052,0.5966
2053,0.5966
2054,0.5967
2055,0.5967
2056,0.5967
2057,0.5968
2058,0.5968
2059,0.5968
2060,0.5968
2061,0.5969
2062,0.5969
2063,0.5969
2064,0.5970
2065,0.5970
2066,0.5970
2067,0.5972
2068,0.5972
2069,0.5972
2070,0.5973
2071,0.5973
2072,0.5973
2073,0.5973
2074,0.5973
2075,0.5974
2076,0.5974
2077,0.5974
2078,0.5974
2079,0.5974
2080,0.5975
2081,0.5975
2082,0.5976
2083,0.5976
2084,0.5976
2085,0.5976
2086,0.5976
2087,0.5977
2088,0.5977
2089,0.5977
2090,0.5977
2091,0.5977
2092,0.5979
2093,0.5979
2094,0.5979
2095,0.5979
2096,0.5980
2097,0.5980
2098,0.5980
2099,0.5980
2100,0.5980
2101,0.5981
2102,0.5981
2103,0.5981
2104,0.5981
2105,0.5982
2106,0.5983
2107,0.5983
2108,0.5983
2109,0.5984
2110,0.5984
2111,0.5985
2112,0.5985
2113,0.5985
2114,0.5986
2115,0.5986
2116,0.5986
2117,0.5988
2118,0.5988
2119,0.5988
2120,0.5988
2121,0.5989
2122,0.5989
2123,0.5989
2124,0.5990
2125,0.5990
2126,0.5990
2127,0.5990
2128,0.5990
2129,0.5990
2130,0.5991
2131,0.5991
2132,0.5991
2133,0.5992
2134,0.5992
2135,0.5993
2136,0.5993
2137,0.5995
2138,0.5995
2139,0.5996
2140,0.5996
2141,0.5996
2142,0.5996
2143,0.5996
2144,0.5997
2145,0.5997
2146,0.5997
2147,0.5998
2148,0.5998
2149,0.5998
2150,0.5998
2151,0.5999
2152,0.5999
2153,0.5999
2154,0.5999
2155,0.5999
2156,0.6000
2157,0.6000
2158,0.6000
2159,0.6000
2160,0.6001
2161,0.6001
2162,0.6002
2163,0.6002
2164,0.6002
2165,0.6002
2166,0.6003
2167,0.6003
2168,0.6004
2169,0.6004
2170,0.6004
2171,0.6004
2172,0.6004
2173,0.6004
2174,0.6004
2175,0.6005
2176,0.6006
2177,0.6006
2178,0.6006
2179,0.6006
2180,0.6006
2181,0.6007
2182,0.6008
2183,0.6008
2184,0.6008
2185,0.6008
2186,0.6009
2187,0.6010
2188,0.6011
2189,0.6011
2190,0.6012
2191,0.6012
2192,0.6012
2193,0.6012
2194,0.6012
2195,0.6012
2196,0.6012
2197,0.6013
2198,0.6013
2199,0.6013
2200,0.6013
2201,0.6014
2202,0.6014
2203,0.6015
2204,0.6015
2205,0.6016
2206,0.6016
2207,0.6016
2208,0.6017
2209,0.6018
2210,0.6018
2211,0.6018
2212,0.6018
2213,0.6018
2214,0.6018
2215,0.6018
2216,0.6018
2217,0.6019
2218,0.6019
2219,0.6019
2220,0.6019
2221,0.6020
2222,0.6020
2223,0.6021
2224,0.6021
2225,0.6021
2226,0.6021
2227,0.6022
2228,0.6022
2229,0.6022
2230,0.6022
2231,0.6022
2232,0.6023
2233,0.6024
2234,0.6024
2235,0.6024
2236,0.6024
2237,0.6024
2238,0.6025
2239,0.6025
2240,0.6026
2241,0.6026
2242,0.6027
2243,0.6027
2244,0.6027
2245,0.6028
2246,0.6028
2247,0.6028
2248,0.6028
2249,0.6028
2250,0.6029
2251,0.6029
2252,0.6030
2253,0.6030
2254,0.6031
2255,0.6032
2256,0.6032
2257,0.6033
2258,0.6033
2259,0.6033
2260,0.6033
2261,0.6034
2262,0.6034
2263,0.6034
2264,0.6035
2265,0.6036
2266,0.6036
2267,0.6036
2268,0.6036
2269,0.6036
2270,0.6036
2271,0.6036
2272,0.6036
2273,0.6036
2274,0.6038
2275,0.6038
2276,0.6038
2277,0.6038
2278,0.6038
2279,0.6039
2280,0.6039
2281,0.6039
2282,0.6040
2283,0.6040
2284,0.6040
2285,0.6040
2286,0.6040
2287,0.6041
2288,0.6041
2289,0.6041
2290,0.6041
2291,0.6041
2292,0.6042
2293,0.6042
2294,0.6042
2295,0.6042
2296,0.6044
2297,0.6044
2298,0.6044
2299,0.6044
2300,0.6044
2301,0.6044
2302,0.6044
2303,0.6044
2304,0.6045
2305,0.6046
2306,0.6046
2307,0.6046
2308,0.6048
2309,0.6048
2310,0.6048
2311,0.6048
2312,0.6049
2313,0.6049
2314,0.6049
2315,0.6049
2316,0.6050
2317,0.6050
2318,0.6050
2319,0.6050
2320,0.6050
2321,0.6051
2322,0.6051
2323,0.6052
2324,0.6052
2325,0.6053
2326,0.6053
2327,0.6053
2328,0.6054
2329,0.6056
2330,0.6056
2331,0.6056
2332,0.6057
2333,0.6057
2334,0.6057
2335,0.6057
2336,0.6057
2337,0.6058
2338,0.6058
2339,0.6058
2340,0.6058
2341,0.6058
2342,0.6059
2343,0.6059
2344,0.6059
2345,0.6059
2346,0.6059
2347,0.6059
2348,0.6059
2349,0.6060
2350,0.6060
2351,0.6060
2352,0.6060
2353,0.6060
2354,0.6060
2355,0.6062
2356,0.6062
2357,0.6062
2358,0.6062
2359,0.6062
2360,0.6062
2361,0.6063
2362,0.6063
2363,0.6063
2364,0.6063
2365,0.6064
2366,0.6064
2367,0.6064
2368,0.6064
2369,0.6064
2370,0.6064
2371,0.6064
2372,0.6064
2373,0.6064
2374,0.6065
2375,0.6066
2376,0.6066
2377,0.6067
2378,0.6067
2379,0.6067
2380,0.6067
2381,0.6067
2382,0.6068
2383,0.6068
2384,0.6068
2385,0.6068
2386,0.6068
2387,0.6068
2388,0.6068
2389,0.6069
2390,0.6069
2391,0.6069
2392,0.6070
2393,0.6070
2394,0.6071
2395,0.6071
2396,0.6071
2397,0.6072
2398,0.6072
2399,0.6072
2400,0.6072
2401,0.6072
2402,0.6074
2403,0.6075
2404,0.6076
2405,0.6076
2406,0.6076
2407,0.6076
2408,0.6076
2409,0.6076
2410,0.6076
2411,0.6076
2412,0.6077
2413,0.6077
2414,0.6077
2415,0.6077
2416,0.6078
2417,0.6078
2418,0.6079
2419,0.6079
2420,0.6081
2421,0.6081
2422,0.6081
2423,0.6081
2424,0.6083
2425,0.6083
2426,0.6084
2427,0.6084
2428,0.6084
2429,0.6084
2430,0.6084
2431,0.6084
2432,0.6084
2433,0.6084
2434,0.6084
2435,0.6085
2436,0.6085
2437,0.6085
2438,0.6085
2439,0.6086
2440,0.6087
2441,0.6087
2442,0.6087
2443,0.6087
2444,0.6087
2445,0.6090
2446,0.6090
2447,0.6090
2448,0.6090
2449,0.6090
2450,0.6090
2451,0.6090
2452,0.6090
2453,0.6090
2454,0.6092
2455,0.6092
2456,0.6092
2457,0.6092
2458,0.6092
2459,0.6092
2460,0.6092
2461,0.6093
2462,0.6094
2463,0.6094
2464,0.6094
2465,0.6094
2466,0.6095
2467,0.6096
2468,0.6096
2469,0.6096
2470,0.6096
2471,0.6096
2472,0.6097
2473,0.6097
2474,0.6097
2475,0.6098
2476,0.6099
2477,0.6099
2478,0.6099
2479,0.6100
2480,0.6101
2481,0.6101
2482,0.6101
2483,0.6101
2484,0.6101
2485,0.6102
2486,0.6102
2487,0.6103
2488,0.6103
2489,0.6103
2490,0.6103
2491,0.6104
2492,0.6104
2493,0.6104
2494,0.6105
2495,0.6105
2496,0.6105
2497,0.6106
2498,0.6106
2499,0.6107
2500,0.6107
2501,0.6107
2502,0.6107
2503,0.6107
2504,0.6108
2505,0.6108
2506,0.6108
2507,0.6108
2508,0.6109
2509,0.6109
2510,0.6109
2511,0.6109
2512,0.6109
2513,0.6110
2514,0.6110
2515,0.6110
2516,0.6111
2517,0.6111
2518,0.6111
2519,0.6111
2520,0.6111
2521,0.6111
2522,0.6111
2523,0.6112
2524,0.6112
2525,0.6112
2526,0.6112
2527,0.6112
2528,0.6112
2529,0.6112
2530,0.6112
2531,0.6114
2532,0.6115
2533,0.6116
2534,0.6116
2535,0.6116
2536,0.6116
2537,0.6116
2538,0.6116
2539,0.6116
2540,0.6116
2541,0.6116
2542,0.6116
2543,0.6116
2544,0.6116
2545,0.6117
2546,0.6118
2547,0.6119
2548,0.6119
2549,0.6119
2550,0.6119
2551,0.6119
2552,0.6119
2553,0.6119
2554,0.6120
2555,0.6120
2556,0.6120
2557,0.6120
2558,0.6121
2559,0.6121
2560,0.6121
2561,0.6122
2562,0.6122
2563,0.6122
2564,0.6122
2565,0.6122
2566,0.6123
2567,0.6123
2568,0.6123
2569,0.6125
2570,0.6125
2571,0.6125
2572,0.6125
2573,0.6126
2574,0.6126
2575,0.6126
2576,0.6126
2577,0.6126
2578,0.6126
2579,0.6127
2580,0.6127
2581,0.6127
2582,0.6128
2583,0.6128
2584,0.6128
2585,0.6128
2586,0.6128
2587,0.6128
2588,0.6128
2589,0.6129
2590,0.6129
2591,0.6129
2592,0.6130
2593,0.6130
2594,0.6130
2595,0.6130
2596,0.6131
2597,0.6131
2598,0.6131
2599,0.6131
2600,0.6131
2601,0.6133
2602,0.6133
2603,0.6133
2604,0.6133
2605,0.6133
2606,0.6133
2607,0.6133
2608,0.6134
2609,0.6134
2610,0.6134
2611,0.6134
2612,0.6135
2613,0.6136
2614,0.6136
2615,0.6136
2616,0.6136
2617,0.6136
2618,0.6136
2619,0.6136
2620,0.6136
2621,0.6137
2622,0.6137
2623,0.6137
2624,0.6137
2625,0.6139
2626,0.6139
2627,0.6140
2628,0.6140
2629,0.6140
2630,0.6140
2631,0.6140
2632,0.6140
2633,0.6140
2634,0.6142
2635,0.6142
2636,0.6142
2637,0.6142
2638,0.6142
2639,0.6144
2640,0.6144
2641,0.6144
2642,0.6144
2643,0.6144
2644,0.6144
2645,0.6144
2646,0.6144
2647,0.6145
2648,0.6145
2649,0.6145
2650,0.6146
2651,0.6146
2652,0.6146
2653,0.6146
2654,0.6146
2655,0.6146
2656,0.6147
2657,0.6148
2658,0.6148
2659,0.6148
2660,0.6148
2661,0.6148
2662,0.6148
2663,0.6148
2664,0.6149
2665,0.6149
2666,0.6149
2667,0.6150
2668,0.6150
2669,0.6150
2670,0.6150
2671,0.6151
2672,0.6151
2673,0.6151
2674,0.6152
2675,0.6152
2676,0.6152
2677,0.6152
2678,0.6152
2679,0.6153
2680,0.6153
2681,0.6153
2682,0.6154
2683,0.6154
2684,0.6155
2685,0.6155
2686,0.6155
2687,0.6155
2688,0.6156
2689,0.6157
2690,0.6157
2691,0.6157
2692,0.6157
2693,0.6157
2694,0.6157
2695,0.6159
2696,0.6160
2697,0.6160
2698,0.6160
2699,0.6160
2700,0.6160
2701,0.6160
2702,0.6160
2703,0.6160
2704,0.6160
2705,0.6161
2706,0.6161
2707,0.6162
2708,0.6162
2709,0.6162
2710,0.6162
2711,0.6163
2712,0.6163
2713,0.6163
2714,0.6164
2715,0.6164
2716,0.6165
2717,0.6165
2718,0.6165
2719,0.6165
2720,0.6166
2721,0.6166
2722,0.6166
2723,0.6167
2724,0.6168
2725,0.6168
2726,0.6168
2727,0.6168
2728,0.6169
2729,0.6169
2730,0.6170
2731,0.6171
2732,0.6171
2733,0.6172
2734,0.6172
2735,0.6172
2736,0.6173
2737,0.6173
2738,0.6173
2739,0.6173
2740,0.6173
2741,0.6173
2742,0.6174
2743,0.6176
2744,0.6176
2745,0.6176
2746,0.6176
2747,0.6176
2748,0.6176
2749,0.6176
2750,0.6177
2751,0.6177
2752,0.6177
2753,0.6178
2754,0.6178
2755,0.6178
2756,0.6178
2757,0.6178
2758,0.6179
2759,0.6179
2760,0.6179
2761,0.6180
2762,0.6180
2763,0.6180
2764,0.6180
2765,0.6181
2766,0.6181
2767,0.6181
2768,0.6181
2769,0.6182
2770,0.6182
2771,0.6182
2772,0.6182
2773,0.6183
2774,0.6183
2775,0.6183
2776,0.6183
2777,0.6183
2778,0.6184
2779,0.6184
2780,0.6184
2781,0.6186
2782,0.6186
2783,0.6186
2784,0.6186
2785,0.6186
2786,0.6186
2787,0.6186
2788,0.6186
2789,0.6187
2790,0.6187
2791,0.6187
2792,0.6188
2793,0.6188
2794,0.6188
2795,0.6188
2796,0.6189
2797,0.6189
2798,0.6189
2799,0.6189
2800,0.6190
2801,0.6190
2802,0.6190
2803,0.6190
2804,0.6190
2805,0.6190
2806,0.6191
2807,0.6191
2808,0.6191
2809,0.6192
2810,0.6192
2811,0.6192
2812,0.6192
2813,0.6192
2814,0.6192
2815,0.6193
2816,0.6193
2817,0.6193
2818,0.6194
2819,0.6195
2820,0.6195
2821,0.6195
2822,0.6195
2823,0.6195
2824,0.6196
2825,0.6197
2826,0.6197
2827,0.6197
2828,0.6197
2829,0.6197
2830,0.6198
2831,0.6198
2832,0.6198
2833,0.6199
2834,0.6199
2835,0.6199
2836,0.6200
2837,0.6200
2838,0.6200
2839,0.6201
2840,0.6201
2841,0.6201
2842,0.6201
2843,0.6201
2844,0.6202
2845,0.6202
2846,0.6202
2847,0.6202
2848,0.6203
2849,0.6203
2850,0.6204
2851,0.6204
2852,0.6204
2853,0.6205
2854,0.6205
2855,0.6205
2856,0.6205
2857,0.6206
2858,0.6206
2859,0.6207
2860,0.6207
2861,0.6208
2862,0.6208
2863,0.6208
2864,0.6209
2865,0.6209
2866,0.6209
2867,0.6209
2868,0.6209
2869,0.6209
2870,0.6210
2871,0.6210
2872,0.6211
2873,0.6211
2874,0.6212
2875,0.6212
2876,0.6212
2877,0.6213
2878,0.6213
2879,0.6213
2880,0.6214
2881,0.6214
2882,0.6214
2883,0.6214
2884,0.6214
2885,0.6215
2886,0.6215
2887,0.6216
2888,0.6216
2889,0.6216
2890,0.6216
2891,0.6218
2892,0.6218
2893,0.6218
2894,0.6218
2895,0.6218
2896,0.6218
2897,0.6218
2898,0.6219
2899,0.6219
2900,0.6220
2901,0.6220
2902,0.6221
2903,0.6221
2904,0.6222
2905,0.6222
2906,0.6222
2907,0.6222
2908,0.6223
2909,0.6223
2910,0.6223
2911,0.6223
2912,0.6224
2913,0.6224
2914,0.6226
2915,0.6226
2916,0.6226
2917,0.6226
2918,0.6226
2919,0.6226
2920,0.6226
2921,0.6227
2922,0.6227
2923,0.6227
2924,0.6227
2925,0.6227
2926,0.6228
2927,0.6228
2928,0.6228
2929,0.6228
2930,0.6229
2931,0.6229
2932,0.6229
2933,0.6229
2934,0.6229
2935,0.6230
2936,0.6230
2937,0.6231
2938,0.6231
2939,0.6231
2940,0.6232
2941,0.6233
2942,0.6234
2943,0.6234
2944,0.6234
2945,0.6234
2946,0.6234
2947,0.6234
2948,0.6234
2949,0.6235
2950,0.6235
2951,0.6236
2952,0.6236
2953,0.6236
2954,0.6237
2955,0.6237
2956,0.6238
2957,0.6238
2958,0.6238
2959,0.6238
2960,0.6239
2961,0.6239
2962,0.6240
2963,0.6241
2964,0.6241
2965,0.6241
2966,0.6241
2967,0.6241
2968,0.6241
2969,0.6241
2970,0.6241
2971,0.6242
2972,0.6242
2973,0.6243
2974,0.6243
2975,0.6244
2976,0.6244
2977,0.6244
2978,0.6244
2979,0.6245
2980,0.6245
2981,0.6247
2982,0.6247
2983,0.6247
2984,0.6248
2985,0.6248
2986,0.6248
2987,0.6248
2988,0.6248
2989,0.6249
2990,0.6249
2991,0.6250
2992,0.6251
2993,0.6251
2994,0.6251
2995,0.6251
2996,0.6252
2997,0.6252
2998,0.6252
2999,0.6252
3000,0.6252
3001,0.6252
3002,0.6252
3003,0.6253
3004,0.6253
3005,0.6253
3006,0.6253
3007,0.6255
3008,0.6255
3009,0.6255
3010,0.6255
3011,0.6256
3012,0.6256
3013,0.6256
3014,0.6257
3015,0.6257
3016,0.6257
3017,0.6258
3018,0.6258
3019,0.6258
3020,0.6259
3021,0.6259
3022,0.6259
3023,0.6259
3024,0.6260
3025,0.6260
3026,0.6260
3027,0.6260
3028,0.6261
3029,0.6261
3030,0.6261
3031,0.6261
3032,0.6261
3033,0.6262
3034,0.6262
3035,0.6262
3036,0.6263
3037,0.6263
3038,0.6263
3039,0.6264
3040,0.6264
3041,0.6264
3042,0.6264
3043,0.6264
3044,0.6264
3045,0.6264
3046,0.6265
3047,0.6265
3048,0.6265
3049,0.6265
3050,0.6267
3051,0.6267
3052,0.6267
3053,0.6267
3054,0.6267
3055,0.6267
3056,0.6268
3057,0.6269
3058,0.6269
3059,0.6269
3060,0.6269
3061,0.6269
3062,0.6269
3063,0.6270
3064,0.6270
3065,0.6272
3066,0.6272
3067,0.6272
3068,0.6272
3069,0.6272
3070,0.6272
3071,0.6272
3072,0.6273
3073,0.6273
3074,0.6274
3075,0.6274
3076,0.6274
3077,0.6274
3078,0.6275
3079,0.6275
3080,0.6275
3081,0.6275
3082,0.6275
3083,0.6275
3084,0.6276
3085,0.6276
3086,0.6276
3087,0.6277
3088,0.6277
3089,0.6277
3090,0.6277
3091,0.6278
3092,0.6279
3093,0.6279
3094,0.6279
3095,0.6279
3096,0.6279
3097,0.6279
3098,0.6279
3099,0.6279
3100,0.6279
3101,0.6280
3102,0.6280
3103,0.6280
3104,0.6280
3105,0.6281
3106,0.6281
3107,0.6283
3108,0.6283
3109,0.6283
3110,0.6283
3111,0.6283
3112,0.6284
3113,0.6285
3114,0.6285
3115,0.6285
3116,0.6286
3117,0.6286
3118,0.6286
3119,0.6286
3120,0.6286
3121,0.6286
3122,0.6287
3123,0.6287
3124,0.6287
3125,0.6287
3126,0.6288
3127,0.6288
3128,0.6288
3129,0.6288
3130,0.6288
3131,0.6288
3132,0.6288
3133,0.6289
3134,0.6289
3135,0.6289
3136,0.6289
3137,0.6289
3138,0.6290
3139,0.6291
3140,0.6291
3141,0.6291
3142,0.6291
3143,0.6292
3144,0.6292
3145,0.6292
3146,0.6293
3147,0.6293
3148,0.6293
3149,0.6293
3150,0.6294
3151,0.6294
3152,0.6294
3153,0.6295
3154,0.6295
3155,0.6296
3156,0.6296
3157,0.6296
3158,0.6296
3159,0.6297
3160,0.6297
3161,0.6297
3162,0.6298
3163,0.6299
3164,0.6299
3165,0.6300
3166,0.6300
3167,0.6300
3168,0.6300
3169,0.6301
3170,0.6301
3171,0.6301
3172,0.6301
3173,0.6301
3174,0.6301
3175,0.6301
3176,0.6302
3177,0.6303
3178,0.6303
3179,0.6303
3180,0.6303
3181,0.6303
3182,0.6304
3183,0.6304
3184,0.6304
3185,0.6305
3186,0.6306
3187,0.6306
3188,0.6306
3189,0.6306
3190,0.6306
3191,0.6306
3192,0.6307
3193,0.6308
3194,0.6308
3195,0.6308
3196,0.6308
3197,0.6309
3198,0.6309
3199,0.6309
3200,0.6310
3201,0.6310
3202,0.6312
3203,0.6312
3204,0.6312
3205,0.6312
3206,0.6312
3207,0.6313
3208,0.6313
3209,0.6313
3210,0.6313
3211,0.6314
3212,0.6314
3213,0.6314
3214,0.6315
3215,0.6316
3216,0.6316
3217,0.6316
3218,0.6316
3219,0.6316
3220,0.6316
3221,0.6317
3222,0.6317
3223,0.6317
3224,0.6317
3225,0.6318
3226,0.6319
3227,0.6319
3228,0.6319
3229,0.6319
3230,0.6319
3231,0.6319
3232,0.6320
3233,0.6320
3234,0.6320
3235,0.6320
3236,0.6320
3237,0.6320
3238,0.6320
3239,0.6320
3240,0.6320
3241,0.6322
3242,0.6322
3243,0.6322
3244,0.6322
3245,0.6323
3246,0.6323
3247,0.6323
3248,0.6323
3249,0.6323
3250,0.6323
3251,0.6324
3252,0.6324
3253,0.6324
3254,0.6326
3255,0.6326
3256,0.6326
3257,0.6326
3258,0.6326
3259,0.6327
3260,0.6327
3261,0.6327
3262,0.6328
3263,0.6328
3264,0.6329
3265,0.6329
3266,0.6329
3267,0.6329
3268,0.6331
3269,0.6331
3270,0.6331
3271,0.6331
3272,0.6332
3273,0.6332
3274,0.6332
3275,0.6332
3276,0.6333
3277,0.6333
3278,0.6333
3279,0.6333
3280,0.6333
3281,0.6334
3282,0.6334
3283,0.6334
3284,0.6334
3285,0.6334
3286,0.6334
3287,0.6335
3288,0.6335
3289,0.6335
3290,0.6336
3291,0.6336
3292,0.6336
3293,0.6336
3294,0.6336
3295,0.6336
3296,0.6337
3297,0.6337
3298,0.6338
3299,0.6338
3300,0.6338
3301,0.6339
3302,0.6339
3303,0.6339
3304,0.6340
3305,0.6340
3306,0.6340
3307,0.6340
3308,0.6341
3309,0.6341
3310,0.6341
3311,0.6342
3312,0.6342
3313,0.6342
3314,0.6342
3315,0.6343
3316,0.6343
3317,0.6344
3318,0.6344
3319,0.6344
3320,0.6344
3321,0.6344
3322,0.6345
3323,0.6345
3324,0.6345
3325,0.6345
3326,0.6345
3327,0.6345
3328,0.6345
3329,0.6345
3330,0.6345
3331,0.6346
3332,0.6346
3333,0.6347
3334,0.6347
3335,0.6348
3336,0.6348
3337,0.6348
3338,0.6348
3339,0.6348
3340,0.6348
3341,0.6349
3342,0.6350
3343,0.6350
3344,0.6350
3345,0.6350
3346,0.6351
3347,0.6351
3348,0.6351
3349,0.6351
3350,0.6351
3351,0.6352
3352,0.6352
3353,0.6352
3354,0.6353
3355,0.6353
3356,0.6353
3357,0.6353
3358,0.6353
3359,0.6354
3360,0.6354
3361,0.6354
3362,0.6354
3363,0.6355
3364,0.6355
3365,0.6355
3366,0.6356
3367,0.6356
3368,0.6356
3369,0.6357
3370,0.6357
3371,0.6357
3372,0.6357
3373,0.6358
3374,0.6358
3375,0.6359
3376,0.6359
3377,0.6359
3378,0.6360
3379,0.6360
3380,0.6360
3381,0.6360
3382,0.6360
3383,0.6361
3384,0.6361
3385,0.6361
3386,0.6361
3387,0.6362
3388,0.6363
3389,0.6363
3390,0.6363
3391,0.6364
3392,0.6364
3393,0.6364
3394,0.6365
3395,0.6365
3396,0.6365
3397,0.6365
3398,0.6365
3399,0.6365
3400,0.6367
3401,0.6367
3402,0.6367
3403,0.6367
3404,0.6367
3405,0.6367
3406,0.6367
3407,0.6368
3408,0.6368
3409,0.6368
3410,0.6369
3411,0.6369
3412,0.6369
3413,0.6369
3414,0.6371
3415,0.6371
3416,0.6372
3417,0.6372
3418,0.6372
3419,0.6372
3420,0.6372
3421,0.6372
3422,0.6373
3423,0.6374
3424,0.6374
3425,0.6374
3426,0.6374
3427,0.6374
3428,0.6375
3429,0.6375
3430,0.6376
3431,0.6377
3432,0.6377
3433,0.6378
3434,0.6378
3435,0.6379
3436,0.6379
3437,0.6380
3438,0.6380
3439,0.6380
3440,0.6381
3441,0.6381
3442,0.6382
3443,0.6382
3444,0.6382
3445,0.6382
3446,0.6382
3447,0.6382
3448,0.6382
3449,0.6383
3450,0.6383
3451,0.6384
3452,0.6384
3453,0.6384
3454,0.6384
3455,0.6384
3456,0.6384
3457,0.6385
3458,0.6386
3459,0.6386
3460,0.6386
3461,0.6387
3462,0.6387
3463,0.6387
3464,0.6387
3465,0.6388
3466,0.6388
3467,0.6388
3468,0.6388
3469,0.6388
3470,0.6388
3471,0.6388
3472,0.6388
3473,0.6388
3474,0.6388
3475,0.6389
3476,0.6389
3477,0.6390
3478,0.6390
3479,0.6390
3480,0.6390
3481,0.6392
3482,0.6392
3483,0.6392
3484,0.6392
3485,0.6392
3486,0.6393
3487,0.6393
3488,0.6393
3489,0.6394
3490,0.6394
3491,0.6394
3492,0.6396
3493,0.6396
3494,0.6396
3495,0.6396
3496,0.6396
3497,0.6396
3498,0.6396
3499,0.6396
3500,0.6396
3501,0.6396
3502,0.6397
3503,0.6398
3504,0.6399
3505,0.6400
3506,0.6400
3507,0.6400
3508,0.6400
3509,0.6400
3510,0.6400
3511,0.6401
3512,0.6401
3513,0.6401
3514,0.6402
3515,0.6402
3516,0.6402
3517,0.6402
3518,0.6403
3519,0.6404
3520,0.6404
3521,0.6405
3522,0.6405
3523,0.6405
3524,0.6405
3525,0.6406
3526,0.6406
3527,0.6406
3528,0.6406
3529,0.6408
3530,0.6408
3531,0.6408
3532,0.6408
3533,0.6408
3534,0.6408
3535,0.6408
3536,0.6409
3537,0.6409
3538,0.6409
3539,0.6409
3540,0.6409
3541,0.6410
3542,0.6410
3543,0.6410
3544,0.6410
3545,0.6411
3546,0.6411
3547,0.6411
3548,0.6411
3549,0.6412
3550,0.6412
3551,0.6412
3552,0.6412
3553,0.6412
3554,0.6413
3555,0.6413
3556,0.6414
3557,0.6415
3558,0.6415
3559,0.6417
3560,0.6417
3561,0.6417
3562,0.6417
3563,0.6417
3564,0.6417
3565,0.6417
3566,0.6417
3567,0.6418
3568,0.6418
3569,0.6419
3570,0.6419
3571,0.6419
3572,0.6419
3573,0.6420
3574,0.6420
3575,0.6420
3576,0.6421
3577,0.6421
3578,0.6421
3579,0.6422
3580,0.6422
3581,0.6422
3582,0.6422
3583,0.6422
3584,0.6422
3585,0.6422
3586,0.6422
3587,0.6422
3588,0.6422
3589,0.6425
3590,0.6425
3591,0.6425
3592,0.6425
3593,0.6425
3594,0.6425
3595,0.6425
3596,0.6426
3597,0.6426
3598,0.6427
3599,0.6427
3600,0.6427
3601,0.6427
3602,0.6427
3603,0.6427
3604,0.6428
3605,0.6428
3606,0.6428
3607,0.6428
3608,0.6428
3609,0.6428
3610,0.6428
3611,0.6429
3612,0.6429
3613,0.6429
3614,0.6430
3615,0.6430
3616,0.6430
3617,0.6430
3618,0.6432
3619,0.6432
3620,0.6432
3621,0.6432
3622,0.6432
3623,0.6432
3624,0.6432
3625,0.6433
3626,0.6433
3627,0.6433
3628,0.6433
3629,0.6434
3630,0.6436
3631,0.6436
3632,0.6436
3633,0.6436
3634,0.6437
3635,0.6437
3636,0.6437
3637,0.6438
3638,0.6438
3639,0.6439
3640,0.6439
3641,0.6440
3642,0.6440
3643,0.6440
3644,0.6440
3645,0.6440
3646,0.6441
3647,0.6441
3648,0.6441
3649,0.6441
3650,0.6442
3651,0.6442
3652,0.6442
3653,0.6443
3654,0.6443
3655,0.6444
3656,0.6444
3657,0.6444
3658,0.6444
3659,0.6444
3660,0.6444
3661,0.6444
3662,0.6445
3663,0.6445
3664,0.6445
3665,0.6445
3666,0.6446
3667,0.6446
3668,0.6447
3669,0.6447
3670,0.6447
3671,0.6447
3672,0.6447
3673,0.6448
3674,0.6448
3675,0.6449
3676,0.6449
3677,0.6450
3678,0.6450
3679,0.6450
3680,0.6450
3681,0.6450
3682,0.6451
3683,0.6451
3684,0.6452
3685,0.6452
3686,0.6452
3687,0.6452
3688,0.6453
3689,0.6453
3690,0.6453
3691,0.6453
3692,0.6454
3693,0.6454
3694,0.6454
3695,0.6454
3696,0.6454
3697,0.6455
3698,0.6455
3699,0.6456
3700,0.6456
3701,0.6456
3702,0.6456
3703,0.6456
3704,0.6457
3705,0.6458
3706,0.6458
3707,0.6459
3708,0.6460
3709,0.6460
3710,0.6460
3711,0.6461
3712,0.6461
3713,0.6461
3714,0.6462
3715,0.6462
3716,0.6463
3717,0.6464
3718,0.6464
3719,0.6464
3720,0.6464
3721,0.6464
3722,0.6464
3723,0.6465
3724,0.6465
3725,0.6465
3726,0.6466
3727,0.6466
3728,0.6466
3729,0.6466
3730,0.6467
3731,0.6467
3732,0.6468
3733,0.6468
3734,0.6468
3735,0.6468
3736,0.6469
3737,0.6469
3738,0.6469
3739,0.6469
3740,0.6471
3741,0.6471
3742,0.6471
3743,0.6471
3744,0.6473
3745,0.6473
3746,0.6473
3747,0.6473
3748,0.6473
3749,0.6473
3750,0.6473
3751,0.6473
3752,0.6473
3753,0.6474
3754,0.6474
3755,0.6476
3756,0.6476
3757,0.6476
3758,0.6476
3759,0.6476
3760,0.6476
3761,0.6476
3762,0.6478
3763,0.6478
3764,0.6478
3765,0.6478
3766,0.6478
3767,0.6478
3768,0.6478
3769,0.6478
3770,0.6478
3771,0.6479
3772,0.6479
3773,0.6479
3774,0.6480
3775,0.6480
3776,0.6480
3777,0.6480
3778,0.6480
3779,0.6481
3780,0.6481
3781,0.6481
3782,0.6483
3783,0.6483
3784,0.6483
3785,0.6483
3786,0.6483
3787,0.6484
3788,0.6484
3789,0.6485
3790,0.6485
3791,0.6485
3792,0.6485
3793,0.6486
3794,0.6486
3795,0.6486
3796,0.6487
3797,0.6487
3798,0.6487
3799,0.6487
3800,0.6487
3801,0.6488
3802,0.6488
3803,0.6488
3804,0.6488
3805,0.6488
3806,0.6489
3807,0.6489
3808,0.6489
3809,0.6491
3810,0.6491
3811,0.6491
3812,0.6491
3813,0.6492
3814,0.6492
3815,0.6493
3816,0.6493
3817,0.6493
3818,0.6493
3819,0.6494
3820,0.6494
3821,0.6494
3822,0.6496
3823,0.6496
3824,0.6496
3825,0.6496
3826,0.6496
3827,0.6496
3828,0.6496
3829,0.6496
3830,0.6496
3831,0.6497
3832,0.6497
3833,0.6498
3834,0.6498
3835,0.6498
3836,0.6499
3837,0.6499
3838,0.6499
3839,0.6500
3840,0.6501
3841,0.6501
3842,0.6501
3843,0.6502
3844,0.6502
3845,0.6502
3846,0.6503
3847,0.6503
3848,0.6503
3849,0.6503
3850,0.6503
3851,0.6503
3852,0.6503
3853,0.6504
3854,0.6504
3855,0.6504
3856,0.6504
3857,0.6504
3858,0.6504
3859,0.6505
3860,0.6505
3861,0.6505
3862,0.6506
3863,0.6506
3864,0.6507
3865,0.6507
3866,0.6507
3867,0.6507
3868,0.6508
3869,0.6508
3870,0.6508
3871,0.6508
3872,0.6509
3873,0.6510
3874,0.6510
3875,0.6510
3876,0.6511
3877,0.6511
3878,0.6512
3879,0.6512
3880,0.6512
3881,0.6512
3882,0.6513
3883,0.6513
3884,0.6513
3885,0.6513
3886,0.6513
3887,0.6514
3888,0.6514
3889,0.6514
3890,0.6514
3891,0.6515
3892,0.6515
3893,0.6516
3894,0.6516
3895,0.6517
3896,0.6517
3897,0.6517
3898,0.6518
3899,0.6518
3900,0.6518
3901,0.6520
3902,0.6520
3903,0.6520
3904,0.6520
3905,0.6520
3906,0.6520
3907,0.6521
3908,0.6521
3909,0.6521
3910,0.6522
3911,0.6522
3912,0.6522
3913,0.6522
3914,0.6522
3915,0.6522
3916,0.6522
3917,0.6522
3918,0.6522
3919,0.6524
3920,0.6524
3921,0.6524
3922,0.6524
3923,0.6524
3924,0.6524
3925,0.6524
3926,0.6525
3927,0.6525
3928,0.6525
3929,0.6525
3930,0.6525
3931,0.6526
3932,0.6526
3933,0.6526
3934,0.6527
3935,0.6527
3936,0.6527
3937,0.6527
3938,0.6528
3939,0.6528
3940,0.6528
3941,0.6528
3942,0.6528
3943,0.6530
3944,0.6530
3945,0.6530
3946,0.6531
3947,0.6531
3948,0.6531
3949,0.6531
3950,0.6532
3951,0.6532
3952,0.6532
3953,0.6532
3954,0.6532
3955,0.6532
3956,0.6532
3957,0.6533
3958,0.6533
3959,0.6533
3960,0.6534
3961,0.6534
3962,0.6534
3963,0.6534
3964,0.6535
3965,0.6535
3966,0.6535
3967,0.6536
3968,0.6536
3969,0.6536
3970,0.6536
3971,0.6536
3972,0.6536
3973,0.6536
3974,0.6538
3975,0.6538
3976,0.6538
3977,0.6538
3978,0.6538
3979,0.6539
3980,0.6539
3981,0.6540
3982,0.6540
3983,0.6540
3984,0.6541
3985,0.6541
3986,0.6541
3987,0.6541
3988,0.6541
3989,0.6542
3990,0.6542
3991,0.6542
3992,0.6543
3993,0.6545
3994,0.6545
3995,0.6546
3996,0.6547
3997,0.6547
3998,0.6547
3999,0.6547
4000,0.6547
4001,0.6547
4002,0.6547
4003,0.6547
4004,0.6547
4005,0.6548
4006,0.6549
4007,0.6549
4008,0.6549
4009,0.6549
4010,0.6550
4011,0.6550
4012,0.6551
4013,0.6551
4014,0.6551
4015,0.6551
4016,0.6551
4017,0.6552
4018,0.6552
4019,0.6553
4020,0.6553
4021,0.6553
4022,0.6553
4023,0.6553
4024,0.6553
4025,0.6553
4026,0.6553
4027,0.6555
4028,0.6555
4029,0.6555
4030,0.6555
4031,0.6555
4032,0.6556
4033,0.6556
4034,0.6556
4035,0.6556
4036,0.6556
4037,0.6556
4038,0.6556
4039,0.6557
4040,0.6557
4041,0.6557
4042,0.6558
4043,0.6558
4044,0.6559
4045,0.6559
4046,0.6560
4047,0.6560
4048,0.6560
4049,0.6560
4050,0.6560
4051,0.6560
4052,0.6560
4053,0.6561
4054,0.6561
4055,0.6561
4056,0.6561
4057,0.6561
4058,0.6561
4059,0.6562
4060,0.6562
4061,0.6562
4062,0.6562
4063,0.6562
4064,0.6562
4065,0.6564
4066,0.6564
4067,0.6564
4068,0.6564
4069,0.6564
4070,0.6564
4071,0.6564
4072,0.6565
4073,0.6565
4074,0.6565
4075,0.6565
4076,0.6565
4077,0.6565
4078,0.6565
4079,0.6567
4080,0.6567
4081,0.6568
4082,0.6568
4083,0.6568
4084,0.6568
4085,0.6569
4086,0.6569
4087,0.6569
4088,0.6569
4089,0.6569
4090,0.6570
4091,0.6570
4092,0.6570
4093,0.6571
4094,0.6571
4095,0.6572
4096,0.6572
4097,0.6572
4098,0.6572
4099,0.6572
4100,0.6573
4101,0.6573
4102,0.6574
4103,0.6574
4104,0.6576
4105,0.6576
4106,0.6576
4107,0.6576
4108,0.6576
4109,0.6576
4110,0.6576
4111,0.6577
4112,0.6577
4113,0.6577
4114,0.6578
4115,0.6579
4116,0.6579
4117,0.6579
4118,0.6580
4119,0.6580
4120,0.6580
4121,0.6580
4122,0.6580
4123,0.6580
4124,0.6581
4125,0.6581
4126,0.6582
4127,0.6582
4128,0.6583
4129,0.6583
4130,0.6583
4131,0.6583
4132,0.6583
4133,0.6584
4134,0.6584
4135,0.6584
4136,0.6585
4137,0.6585
4138,0.6585
4139,0.6585
4140,0.6585
4141,0.6586
4142,0.6586
4143,0.6587
4144,0.6587
4145,0.6587
4146,0.6587
4147,0.6587
4148,0.6587
4149,0.6588
4150,0.6588
4151,0.6588
4152,0.6588
4153,0.6588
4154,0.6588
4155,0.6589
4156,0.6589
4157,0.6589
4158,0.6590
4159,0.6590
4160,0.6591
4161,0.6591
4162,0.6592
4163,0.6592
4164,0.6592
4165,0.6593
4166,0.6593
4167,0.6593
4168,0.6593
4169,0.6593
4170,0.6593
4171,0.6594
4172,0.6595
4173,0.6595
4174,0.6595
4175,0.6595
4176,0.6595
4177,0.6596
4178,0.6598
4179,0.6598
4180,0.6598
4181,0.6598
4182,0.6598
4183,0.6598
4184,0.6598
4185,0.6598
4186,0.6598
4187,0.6598
4188,0.6598
4189,0.6600
4190,0.6600
4191,0.6600
4192,0.6600
4193,0.6600
4194,0.6600
4195,0.6600
4196,0.6600
4197,0.6601
4198,0.6601
4199,0.6601
4200,0.6601
4201,0.6601
4202,0.6602
4203,0.6602
4204,0.6602
4205,0.6603
4206,0.6603
4207,0.6604
4208,0.6604
4209,0.6604
4210,0.6604
4211,0.6604
4212,0.6605
4213,0.6605
4214,0.6605
4215,0.6605
4216,0.6607
4217,0.6607
4218,0.6607
4219,0.6607
4220,0.6607
4221,0.6607
4222,0.6607
4223,0.6607
4224,0.6607
4225,0.6608
4226,0.6608
4227,0.6608
4228,0.6608
4229,0.6609
4230,0.6609
4231,0.6609
4232,0.6609
4233,0.6609
4234,0.6610
4235,0.6610
4236,0.6610
4237,0.6610
4238,0.6610
4239,0.6611
4240,0.6611
4241,0.6611
4242,0.6612
4243,0.6612
4244,0.6613
4245,0.6613
4246,0.6613
4247,0.6613
4248,0.6613
4249,0.6613
4250,0.6614
4251,0.6614
4252,0.6615
4253,0.6615
4254,0.6615
4255,0.6615
4256,0.6615
4257,0.6615
4258,0.6615
4259,0.6616
4260,0.6616
4261,0.6616
4262,0.6616
4263,0.6616
4264,0.6616
4265,0.6617
4266,0.6617
4267,0.6618
4268,0.6618
4269,0.6618
4270,0.6618
4271,0.6619
4272,0.6619
4273,0.6619
4274,0.6620
4275,0.6620
4276,0.6620
4277,0.6620
4278,0.6620
4279,0.6620
4280,0.6620
4281,0.6621
4282,0.6621
4283,0.6621
4284,0.6621
4285,0.6622
4286,0.6622
4287,0.6623
4288,0.6623
4289,0.6624
4290,0.6624
4291,0.6624
4292,0.6624
4293,0.6624
4294,0.6624
4295,0.6626
4296,0.6626
4297,0.6626
4298,0.6626
4299,0.6626
4300,0.6626
4301,0.6627
4302,0.6627
4303,0.6627
4304,0.6627
4305,0.6627
4306,0.6627
4307,0.6628
4308,0.6629
4309,0.6629
4310,0.6629
4311,0.6631
4312,0.6631
4313,0.6631
4314,0.6631
4315,0.6631
4316,0.6631
4317,0.6631
4318,0.6631
4319,0.6631
4320,0.6631
4321,0.6632
4322,0.6632
4323,0.6632
4324,0.6632
4325,0.6633
4326,0.6633
4327,0.6633
4328,0.6633
4329,0.6633
4330,0.6634
4331,0.6634
4332,0.6635
4333,0.6635
4334,0.6635
4335,0.6635
4336,0.6636
4337,0.6636
4338,0.6636
4339,0.6636
4340,0.6636
4341,0.6638
4342,0.6638
4343,0.6638
4344,0.6638
4345,0.6638
4346,0.6639
4347,0.6640
4348,0.6640
4349,0.6640
4350,0.6642
4351,0.6642
4352,0.6642
4353,0.6642
4354,0.6642
4355,0.6642
4356,0.6642
4357,0.6642
4358,0.6642
4359,0.6642
4360,0.6643
4361,0.6643
4362,0.6644
4363,0.6644
4364,0.6644
4365,0.6644
4366,0.6644
4367,0.6644
4368,0.6645
4369,0.6645
4370,0.6646
4371,0.6646
4372,0.6646
4373,0.6646
4374,0.6646
4375,0.6647
4376,0.6647
4377,0.6647
4378,0.6647
4379,0.6647
4380,0.6648
4381,0.6648
4382,0.6648
4383,0.6649
4384,0.6649
4385,0.6649
4386,0.6649
4387,0.6650
4388,0.6650
4389,0.6651
4390,0.6651
4391,0.6651
4392,0.6651
4393,0.6651
4394,0.6651
4395,0.6651
4396,0.6651
4397,0.6651
4398,0.6651
4399,0.6652
4400,0.6652
4401,0.6653
4402,0.6653
4403,0.6653
4404,0.6653
4405,0.6653
4406,0.6653
4407,0.6655
4408,0.6655
4409,0.6656
4410,0.6656
4411,0.6656
4412,0.6656
4413,0.6656
4414,0.6656
4415,0.6657
4416,0.6657
4417,0.6658
4418,0.6658
4419,0.6658
4420,0.6658
4421,0.6659
4422,0.6659
4423,0.6660
4424,0.6660
4425,0.6661
4426,0.6661
4427,0.6663
4428,0.6663
4429,0.6663
4430,0.6663
4431,0.6663
4432,0.6663
4433,0.6663
4434,0.6663
4435,0.6664
4436,0.6664
4437,0.6664
4438,0.6664
4439,0.6664
4440,0.6664
4441,0.6664
4442,0.6665
4443,0.6665
4444,0.6665
4445,0.6666
4446,0.6666
4447,0.6667
4448,0.6667
4449,0.6667
4450,0.6667
4451,0.6667
4452,0.6667
4453,0.6668
4454,0.6668
4455,0.6668
4456,0.6669
4457,0.6669
4458,0.6669
4459,0.6669
4460,0.6669
4461,0.6669
4462,0.6669
4463,0.6670
4464,0.6670
4465,0.6670
4466,0.6670
4467,0.6670
4468,0.6672
4469,0.6672
4470,0.6672
4471,0.6672
4472,0.6672
4473,0.6672
4474,0.6672
4475,0.6672
4476,0.6673
4477,0.6673
4478,0.6674
4479,0.6674
4480,0.6675
4481,0.6676
4482,0.6676
4483,0.6676
4484,0.6676
4485,0.6677
4486,0.6677
4487,0.6677
4488,0.6677
4489,0.6678
4490,0.6678
4491,0.6678
4492,0.6679
4493,0.6679
4494,0.6679
4495,0.6679
4496,0.6680
4497,0.6680
4498,0.6681
4499,0.6683
4500,0.6683
4501,0.6683
4502,0.6683
4503,0.6683
4504,0.6683
4505,0.6683
4506,0.6684
4507,0.6684
4508,0.6684
4509,0.6684
4510,0.6684
4511,0.6685
4512,0.6686
4513,0.6686
4514,0.6686
4515,0.6687
4516,0.6687
4517,0.6687
4518,0.6687
4519,0.6687
4520,0.6687
4521,0.6688
4522,0.6688
4523,0.6688
4524,0.6688
4525,0.6688
4526,0.6688
4527,0.6690
4528,0.6690
4529,0.6690
4530,0.6690
4531,0.6690
4532,0.6692
4533,0.6692
4534,0.6692
4535,0.6692
4536,0.6692
4537,0.6692
4538,0.6692
4539,0.6692
4540,0.6692
4541,0.6692
4542,0.6693
4543,0.6693
4544,0.6693
4545,0.6694
4546,0.6694
4547,0.6694
4548,0.6695
4549,0.6695
4550,0.6696
4551,0.6696
4552,0.6696
4553,0.6696
4554,0.6697
4555,0.6697
4556,0.6699
4557,0.6699
4558,0.6699
4559,0.6699
4560,0.6699
4561,0.6700
4562,0.6700
4563,0.6700
4564,0.6700
4565,0.6701
4566,0.6702
4567,0.6702
4568,0.6702
4569,0.6703
4570,0.6703
4571,0.6703
4572,0.6703
4573,0.6704
4574,0.6704
4575,0.6704
4576,0.6705
4577,0.6705
4578,0.6705
4579,0.6705
4580,0.6705
4581,0.6705
4582,0.6705
4583,0.6705
4584,0.6706
4585,0.6706
4586,0.6706
4587,0.6706
4588,0.6706
4589,0.6706
4590,0.6706
4591,0.6706
4592,0.6706
4593,0.6706
4594,0.6706
4595,0.6708
4596,0.6708
4597,0.6709
4598,0.6709
4599,0.6709
4600,0.6709
4601,0.6710
4602,0.6710
4603,0.6710
4604,0.6711
4605,0.6711
4606,0.6711
4607,0.6711
4608,0.6711
4609,0.6711
4610,0.6711
4611,0.6712
4612,0.6712
4613,0.6712
4614,0.6712
4615,0.6713
4616,0.6713
4617,0.6714
4618,0.6714
4619,0.6714
4620,0.6714
4621,0.6714
4622,0.6714
4623,0.6714
4624,0.6715
4625,0.6715
4626,0.6715
4627,0.6715
4628,0.6715
4629,0.6716
4630,0.6716
4631,0.6716
4632,0.6716
4633,0.6717
4634,0.6717
4635,0.6717
4636,0.6717
4637,0.6717
4638,0.6718
4639,0.6718
4640,0.6718
4641,0.6719
4642,0.6719
4643,0.6719
4644,0.6719
4645,0.6720
4646,0.6720
4647,0.6720
4648,0.6720
4649,0.6720
4650,0.6721
4651,0.6721
4652,0.6721
4653,0.6721
4654,0.6722
4655,0.6723
4656,0.6723
4657,0.6723
4658,0.6724
4659,0.6724
4660,0.6724
4661,0.6725
4662,0.6725
4663,0.6725
4664,0.6726
4665,0.6726
4666,0.6726
4667,0.6726
4668,0.6726
4669,0.6727
4670,0.6727
4671,0.6727
4672,0.6727
4673,0.6727
4674,0.6727
4675,0.6728
4676,0.6728
4677,0.6728
4678,0.6728
4679,0.6729
4680,0.6729
4681,0.6731
4682,0.6731
4683,0.6731
4684,0.6731
4685,0.6731
4686,0.6732
4687,0.6732
4688,0.6732
4689,0.6733
4690,0.6733
4691,0.6733
4692,0.6733
4693,0.6734
4694,0.6734
4695,0.6734
4696,0.6734
4697,0.6737
4698,0.6737
4699,0.6737
4700,0.6737
4701,0.6737
4702,0.6737
4703,0.6737
4704,0.6738
4705,0.6738
4706,0.6738
4707,0.6740
4708,0.6740
4709,0.6740
4710,0.6740
4711,0.6740
4712,0.6740
4713,0.6740
4714,0.6741
4715,0.6741
4716,0.6741
4717,0.6741
4718,0.6743
4719,0.6743
4720,0.6743
4721,0.6744
4722,0.6744
4723,0.6744
4724,0.6744
4725,0.6744
4726,0.6744
4727,0.6746
4728,0.6746
4729,0.6746
4730,0.6746
4731,0.6746
4732,0.6748
4733,0.6748
4734,0.6748
4735,0.6748
4736,0.6748
4737,0.6748
4738,0.6748
4739,0.6748
4740,0.6749
4741,0.6749
4742,0.6751
4743,0.6751
4744,0.6751
4745,0.6751
4746,0.6751
4747,0.6751
4748,0.6751
4749,0.6751
4750,0.6752
4751,0.6752
4752,0.6752
4753,0.6753
4754,0.6753
4755,0.6753
4756,0.6753
4757,0.6755
4758,0.6755
4759,0.6755
4760,0.6755
4761,0.6755
4762,0.6755
4763,0.6756
4764,0.6756
4765,0.6756
4766,0.6756
4767,0.6756
4768,0.6756
4769,0.6756
4770,0.6756
4771,0.6758
4772,0.6758
4773,0.6758
4774,0.6758
4775,0.6758
4776,0.6759
4777,0.6759
4778,0.6759
4779,0.6759
4780,0.6759
4781,0.6759
4782,0.6759
4783,0.6759
4784,0.6760
4785,0.6760
4786,0.6760
4787,0.6760
4788,0.6761
4789,0.6762
4790,0.6762
4791,0.6762
4792,0.6762
4793,0.6762
4794,0.6763
4795,0.6763
4796,0.6763
4797,0.6764
4798,0.6764
4799,0.6765
4800,0.6765
4801,0.6765
4802,0.6765
4803,0.6765
4804,0.6765
4805,0.6765
4806,0.6766
4807,0.6766
4808,0.6766
4809,0.6767
4810,0.6768
4811,0.6768
4812,0.6768
4813,0.6768
4814,0.6768
4815,0.6768
4816,0.6770
4817,0.6770
4818,0.6770
4819,0.6770
4820,0.6770
4821,0.6770
4822,0.6770
4823,0.6771
4824,0.6771
4825,0.6771
4826,0.6771
4827,0.6772
4828,0.6772
4829,0.6772
4830,0.6772
4831,0.6773
4832,0.6773
4833,0.6773
4834,0.6773
4835,0.6774
4836,0.6774
4837,0.6774
4838,0.6774
4839,0.6774
4840,0.6774
4841,0.6775
4842,0.6775
4843,0.6776
4844,0.6777
4845,0.6777
4846,0.6777
4847,0.6778
4848,0.6778
4849,0.6778
4850,0.6778
4851,0.6778
4852,0.6779
4853,0.6779
4854,0.6779
4855,0.6779
4856,0.6779
4857,0.6779
4858,0.6780
4859,0.6780
4860,0.6780
4861,0.6781
4862,0.6781
4863,0.6781
4864,0.6782
4865,0.6782
4866,0.6783
4867,0.6783
4868,0.6783
4869,0.6783
4870,0.6785
4871,0.6785
4872,0.6785
4873,0.6785
4874,0.6785
4875,0.6786
4876,0.6786
4877,0.6788
4878,0.6788
4879,0.6788
4880,0.6788
4881,0.6788
4882,0.6788
4883,0.6788
4884,0.6789
4885,0.6789
4886,0.6790
4887,0.6790
4888,0.6790
4889,0.6790
4890,0.6790
4891,0.6790
4892,0.6790
4893,0.6791
4894,0.6791
4895,0.6792
4896,0.6792
4897,0.6792
4898,0.6792
4899,0.6792
4900,0.6792
4901,0.6793
4902,0.6793
4903,0.6793
4904,0.6795
4905,0.6795
4906,0.6795
4907,0.6795
4908,0.6795
4909,0.6795
4910,0.6795
4911,0.6796
4912,0.6796
4913,0.6796
4914,0.6799
4915,0.6799
4916,0.6800
4917,0.6800
4918,0.6800
4919,0.6800
4920,0.6800
4921,0.6801
4922,0.6802
4923,0.6802
4924,0.6803
4925,0.6803
4926,0.6803
4927,0.6803
4928,0.6804
4929,0.6804
4930,0.6804
4931,0.6804
4932,0.6805
4933,0.6805
4934,0.6805
4935,0.6806
4936,0.6806
4937,0.6808
4938,0.6808
4939,0.6808
4940,0.6808
4941,0.6808
4942,0.6808
4943,0.6808
4944,0.6808
4945,0.6808
4946,0.6808
4947,0.6809
4948,0.6809
4949,0.6809
4950,0.6809
4951,0.6809
4952,0.6809
4953,0.6809
4954,0.6809
4955,0.6810
4956,0.6810
4957,0.6810
4958,0.6810
4959,0.6811
4960,0.6811
4961,0.6812
4962,0.6812
4963,0.6812
4964,0.6813
4965,0.6813
4966,0.6813
4967,0.6813
4968,0.6813
4969,0.6813
4970,0.6813
4971,0.6813
4972,0.6815
4973,0.6815
4974,0.6815
4975,0.6816
4976,0.6816
4977,0.6816
4978,0.6816
4979,0.6816
4980,0.6817
4981,0.6819
4982,0.6819
4983,0.6819
4984,0.6819
4985,0.6819
4986,0.6819
4987,0.6820
4988,0.6820
4989,0.6820
4990,0.6820
4991,0.6820
4992,0.6821
4993,0.6821
4994,0.6821
4995,0.6821
4996,0.6821
4997,0.6822
4998,0.6823
4999,0.6824
5000,0.6824
